 0 0
 0 0
 0 0
 0 0
 0 0
 0 0
 0 0
 0 0
 0 0
 0 0
 0 0
 0 0
 0 0
 0 0
 0 0
 0 0
 0 0
 0 0
 0 0
 0 0
 0 0
 0 0
 0 0
 0 0
 0 0
 0 0
 0 0
 0 0
 0 0
 0 0
 0 0
 0 0
 0 0
 0 0
 0 0
 0 0
 0 0
 0 0
 0 0
 0 0
 0 0
 0 0
 0 0
 0 0
 0 0
 0 0
 0 0
 0 0
 0 0
 0 0
 0 0
 0 0
 0 0
 0 0
 0 0
 0 0
 0 0
 0 0
 0 0
 0 0
 0 0
 0 0
 0 0
 0 0
 0 0
 0 0
 0 0
 0 0
 0 0
 0 0
 0 0
 0 0
 0 0
 0 0
 0 0
 0 0
 0 0
 0 0
 0 0
 0 0
 0 0
 0 0
 0 0
 0 0
 0 0
 0 0
 0 0
 0 0
 0 0
 0 0
 0 0
 0 0
 0 0
 0 0
 0 0
 0 0
 0 0
 0 0
 0 0
 0 0
 0 0
 0 0
 0 0
 0 0
 0 0
 0 0
 0 0
 0 0
 0 0
 0 0
 0 0
 0 0
 0 0
 0 0
 0 0
 0 0
 0 0
 0 0
 0 0
 0 0
 0 0
 0 0
 0 0
 0 0
 0 0
 0 0
 0 0
 0 0
 0 0
 0 0
 0 0
 0 0
 0 0
 0 0
 0 0
 0 0
 0 0
 0 0
 0 0
 0 0
 0 0
 0 0
 0 0
 0 0
 0 0
 0 0
 0 0
 0 0
 0 0
 0 0
 0 0
 0 0
 0 0
 0 0
 0 0
 0 0
 0 0
 0 0
 0 0
 0 0
 0 0
 0 0
 0 0
 0 0
 0 0
 0 0
 0 0
 0 0
 0 0
 0 0
 0 0
 0 0
 0 0
 0 0
 0 0
 0 0
 0 0
 0 0
 0 0
 0 0
 0 0
 0 0
 0 0
 0 0
 0 0
 0 0
 0 0
 0 0
 0 0
 0 0
 0 0
 0 0
 0 0
 0 0
 0 0
 0 0
 0 0
 0 0
 0 0
 0 0
 0 0
 0 0
 0 0
 0 0
 0 0
 0 0
 0 0
 0 0
 0 0
 0 0
 0 0
 0 0
 0 0
 0 0
 0 0
 0 0
 0 0
 0 0
 0 0
 0 0
 0 0
 0 0
 0 0
 0 0
 0 0
 0 0
 0 0
 0 0
 0 0
 0 0
 0 0
 0 0
 0 0
 0 0
 0 0
 0 0
 0 0
 0 0
 0 0
 0 0
 0 0
 0 0
 0 0
 0 0
 0 0
 0 0
 0 0
 0 0
 0 0
 0 0
 0 0
 0 0
 0 0
 0 0
 0 0
 0 0
 0 0
 0 0
 0 0
 0 0
 0 0
 0 0
 0 0
 0 0
 0 0
 0 0
 0 0
 0 0
 0 0
 0 0
 0 0
 0 0
 0 0
 0 0
 0 0
 0 0
 0 0
 0 0
 0 0
 0 0
 0 0
 0 0
 0 0
 0 0
 0 0
 0 0
 0 0
 0 0
 0 0
 0 0
 0 0
 0 0
 0 0
 0 0
 0 0
 0 0
 0 0
 0 0
 0 0
 0 0
 0 0
 0 0
 0 0
 0 0
 0 0
 0 0
 0 0
 0 0
 0 0
 0 0
 0 0
 0 0
 0 0
 0 0
 0 0
 0 0
 0 0
 0 0
 0 0
 0 0
 0 0
 0 0
 0 0
 0 0
 0 0
 0 0
 0 0
 0 0
 0 0
 0 0
 0 0
 0 0
 0 0
 0 0
 0 0
 0 0
 0 0
 0 0
 0 0
 0 0
 0 0
 0 0
 0 0
 0 0
 0 0
 0 0
 0 0
 0 0
 0 0
 0 0
 0 0
 0 0
 0 0
 0 0
 0 0
 0 0
 0 0
 0 0
 0 0
 0 0
 0 0
 0 0
 0 0
 0 0
 0 0
 0 0
 0 0
 0 0
 0 0
 0 0
 0 0
 0 0
 0 0
 0 0
 0 0
 0 0
 0 0
 0 0
 0 0
 0 0
 0 0
 0 0
 0 0
 0 0
 0 0
 0 0
 0 0
 0 0
 0 0
 0 0
 0 0
 0 0
 0 0
 0 0
 0 0
 0 0
 0 0
 0 0
 0 0
 0 0
 0 0
 0 0
 0 0
 0 0
 0 0
 0 0
 0 0
 0 0
 0 0
 0 0
 0 0
 0 0
 0 0
 0 0
 0 0
 0 0
 0 0
 0 0
 0 0
 0 0
 0 0
 0 0
 0 0
 0 0
 0 0
 0 0
 0 0
 0 0
 0 0
 0 0
 0 0
 0.00255876 3.81469e-06
 0.102351 3.82024e-06
 0.278052 0.000125895
 0.507488 0.00024801
 0.775305 0.000187068
 1.06103 -4.1803e-05
 1.28194 -0.000484307
 1.45935 -0.00097252
 1.63419 -0.00146079
 1.82184 -0.00194888
 2.02995 -0.00231498
 2.24233 -0.00245216
 2.46153 -0.00242146
 2.66623 -0.00229898
 2.85984 -0.00211551
 3.04919 -0.00187117
 3.24195 -0.00162658
 3.43727 -0.00138184
 3.63941 0.00252518
 3.8424 0.00301399
 4.0471 0.00325893
 4.24925 0.00374858
 4.44968 0.00405505
 4.64841 0.00436169
 4.84629 0.00472913
 5.04417 0.00509738
 5.24034 0.00546576
 5.43992 0.00595658
 5.63865 0.00632548
 5.83738 0.00669353
 6.03696 0.00706209
 6.24081 0.00755382
 6.44295 0.00755711
 6.64254 0.00853613
 6.83786 0.0085389
 7.03233 0.00854349
 7.23191 0.00854872
 7.43234 0.00904098
 7.63363 0.00953262
 7.83664 0.00953646
 7.936 0.0095397
 8.13303 0.00978929
 8.3292 0.0100378
 8.52622 0.0102868
 8.72495 0.0104144
 8.92624 0.0106636
 9.12668 0.0106698
 9.32626 0.0111638
 9.52328 0.0111691
 9.72287 0.0116637
 9.92416 0.0116685
 10.1254 0.0121621
 10.3409 0.0121706
 10.5247 0.0121774
 10.6241 0.0121847
 10.822 0.0121905
 10.9259 0.0121989
 11.219 0.0131823
 11.4186 0.0131934
 11.6199 0.0132033
 11.7205 0.0132136
 11.9201 0.0132235
 12.1214 0.0132354
 12.321 0.0132497
 12.518 0.0132618
 12.7167 0.0132755
 12.9163 0.013774
 13.1108 0.0140327
 13.3095 0.0140528
 13.5116 0.0145612
 13.7138 0.0148265
 13.9151 0.0150921
 14.1164 0.0153651
 14.3151 0.015396
 14.414 0.015917
 14.7109 0.0159471
 14.9079 0.0159749
 15.1049 0.0160075
 15.3028 0.0165389
 15.4039 0.0170714
 15.7058 0.0176037
 15.9062 0.0176605
 16.1041 0.0182044
 16.3037 0.0187496
 16.5033 0.0188091
 16.702 0.0191
 16.9033 0.019626
 17.1063 0.0201712
 17.3084 0.0207108
 17.4078 0.0210158
 17.7008 0.0217982
 17.8961 0.0223425
 18.0923 0.0228903
 18.2944 0.0234481
 18.4948 0.0241206
 18.6953 0.0246738
 18.8974 0.0252269
 19.0978 0.0260189
 19.4293 0.0260787
 19.5084 0.0261445
 19.788 0.028168
 19.9884 0.0282287
 20.1888 0.0292688
 20.3893 0.0298248
 20.588 0.0298867
 20.7893 0.0304384
 20.9906 0.0309924
 21.1893 0.0315484
 21.3897 0.0323289
 21.5919 0.0331214
 21.7923 0.0339052
 21.9893 0.0347033
 22.1864 0.0352543
 22.38 0.0360392
 22.5787 0.0368155
 22.7809 0.0376191
 22.9838 0.0384212
 23.186 0.0392276
 23.3873 0.040259
 23.5843 0.0410345
 23.7796 0.0420577
 23.9766 0.043107
 24.1745 0.0441508
 24.3749 0.0451895
 24.5771 0.0462471
 24.7792 0.0468145
 24.9771 0.0478875
 25.1733 0.0489428
 25.372 0.049993
 25.5724 0.0505514
 25.7737 0.0516545
 25.8735 0.0527484
 26.1729 0.0528484
 26.3733 0.0548763
 26.5738 0.0559833
 26.7716 0.0570873
 26.8706 0.0572168
 27.1687 0.0585296
 27.3683 0.0596072
 27.5678 0.0606796
 27.7666 0.0612823
 27.9662 0.0621004
 28.1683 0.0630623
 28.367 0.0631692
 28.5615 0.0632482
 28.6596 0.0638231
 28.8575 0.0647646
 29.0588 0.0655554
 29.2583 0.0695771
 29.4588 0.0706434
 29.6617 0.0707276
 29.8629 0.0717755
 30.0617 0.0718622
 30.2578 0.0729157
 30.454 0.0739795
 30.651 0.0750128
 30.8532 0.0760456
 31.0553 0.0770832
 31.2549 0.0771685
 31.4536 0.0782089
 31.6549 0.0792469
 31.7551 0.0797855
 31.953 0.0805579
 32.0515 0.0810802
 32.2485 0.0821194
 32.4482 0.0821651
 32.6487 0.0826923
 32.8483 0.0866518
 33.0487 0.0876877
 33.2483 0.088717
 33.3493 0.0890016
 33.65 0.0900139
 33.8479 0.0900799
 34.044 0.0908818
 34.2411 0.091911
 34.4407 0.0926915
 34.6394 0.0946991
 34.8373 0.0955063
 35.036 0.0964274
 35.1375 0.0969704
 35.442 0.0982588
 35.5426 0.0993125
 35.7422 0.10013
 36.0416 0.101351
 36.242 0.102131
 36.4399 0.102937
 36.6395 0.104001
 36.8365 0.104875
 37.0386 0.105784
 37.2391 0.106812
 37.4395 0.107877
 37.6348 0.108705
 37.8318 0.109623
 38.0289 0.110531
 38.2284 0.111503
 38.428 0.112569
 38.6293 0.113626
 38.8314 0.114697
 39.0327 0.115896
 39.2315 0.117049
 39.4251 0.118334
 39.6178 0.1196
 39.8131 0.12098
 40.0153 0.12237
 40.2157 0.123712
 40.3164 0.124264
 40.5185 0.12529
 40.7206 0.126303
 40.9202 0.127554
 41.1181 0.12956
 41.3151 0.130833
 41.5138 0.132217
 41.7143 0.133598
 42.0172 0.133651
 42.2151 0.135169
 42.4138 0.136186
 42.6151 0.137202
 42.7153 0.138218
 43.0134 0.140237
 43.2156 0.141643
 43.4151 0.143034
 43.613 0.144426
 43.8109 0.145958
 44.0053 0.147365
 44.1989 0.148765
 44.4002 0.150214
 44.6041 0.151672
 44.8062 0.153204
 45.0083 0.154618
 45.2088 0.155891
 45.4058 0.15729
 45.6037 0.158825
 45.799 0.160369
 45.996 0.160445
 46.0979 0.161367
 46.199 0.162165
 46.4011 0.163216
 46.5998 0.164746
 46.7961 0.16482
 46.9932 0.166295
 47.1944 0.167863
 47.3966 0.169522
 47.5979 0.170568
 47.8 0.172355
 47.9996 0.174064
 48.1992 0.175842
 48.3987 0.177622
 48.5975 0.179339
 48.7945 0.180866
 48.9932 0.182631
 49.1919 0.184401
 49.3889 0.186021
 49.4874 0.186937
 49.5881 0.187853
 49.7911 0.189438
 49.9924 0.190927
 50.1894 0.192262
 50.3821 0.193545
 50.5792 0.194954
 50.7805 0.196361
 50.9817 0.197891
 51.1813 0.199425
 51.3783 0.2007
 51.5779 0.202227
 51.7775 0.203758
 51.9762 0.204795
 52.0734 0.205847
 52.3715 0.208127
 52.5728 0.209799
 52.7715 0.211514
 52.9711 0.212584
 53.1707 0.2144
 53.372 0.216272
 53.5716 0.218311
 53.772 0.220333
 53.9699 0.222344
 54.1754 0.224204
 54.3844 0.225983
 54.5899 0.2277
 54.7912 0.229225
 54.9891 0.230625
 55.1827 0.232171
 55.3763 0.233799
 55.575 0.235807
 55.7695 0.237575
 55.9648 0.239087
 56.2654 0.241108
 56.4676 0.242636
 56.6671 0.244397
 56.8676 0.246038
 57.0689 0.247568
 57.2727 0.249213
 57.4757 0.250864
 57.6753 0.252386
 57.8748 0.25417
 58.0778 0.255948
 58.2774 0.257735
 58.4753 0.259398
 58.6714 0.261187
 58.8685 0.262971
 59.0655 0.26476
 59.1665 0.265817
 59.4659 0.268583
 59.5653 0.26965
 59.8595 0.272425
 60.0582 0.274335
 60.257 0.276215
 60.4557 0.278248
 60.6553 0.280256
 60.8565 0.281779
 61.0595 0.283807
 61.2591 0.285818
 61.4561 0.286854
 61.6514 0.288875
 61.8544 0.29115
 62.0557 0.293178
 62.2544 0.295213
 62.4531 0.296996
 62.6544 0.299022
 62.8531 0.301056
 63.051 0.303091
 63.2489 0.305128
 63.4459 0.30716
 63.6446 0.309195
 63.8459 0.3122
 64.0455 0.312296
 64.2425 0.314345
 64.5457 0.317373
 64.7461 0.31942
 64.9465 0.321473
 65.0563 0.322546
 65.2459 0.324595
 65.4428 0.324691
 65.6416 0.328683
 65.8369 0.332677
 66.0305 0.334723
 66.231 0.338731
 66.4348 0.340799
 66.6352 0.340885
 66.8365 0.340983
 67.0403 0.343061
 67.2407 0.345129
 67.4386 0.347202
 67.6373 0.349244
 67.8343 0.351436
 68.0313 0.353483
 68.2326 0.355658
 68.433 0.357946
 68.632 0.358027
 68.829 0.360044
 69.0269 0.362208
 69.2265 0.364396
 69.426 0.366635
 69.6256 0.368931
 69.8286 0.371292
 70.0307 0.373824
 70.2311 0.376108
 70.429 0.378625
 70.626 0.380902
 70.9279 0.3844
 71.0277 0.385468
 71.3258 0.389452
 71.5262 0.392465
 71.6277 0.394013
 71.9283 0.397527
 72.1262 0.399786
 72.3362 0.402308
 72.516 0.40457
 72.7139 0.406864
 72.9143 0.409858
 73.1139 0.412381
 73.3152 0.414905
 73.5173 0.417434
 73.7186 0.419976
 73.9164 0.422016
 74.1134 0.424054
 74.3113 0.426571
 74.5126 0.429119
 74.713 0.431636
 74.9117 0.434179
 75.1122 0.436245
 75.3109 0.438293
 75.5104 0.440856
 75.7083 0.44339
 75.9079 0.445693
 76.104 0.448225
 76.3062 0.451002
 76.5074 0.453546
 76.7079 0.455576
 76.9049 0.458006
 77.1044 0.460549
 77.3066 0.463062
 77.507 0.465344
 77.7057 0.467728
 77.9044 0.470096
 78.104 0.472662
 78.301 0.474937
 78.498 0.476949
 78.6942 0.479313
 78.892 0.481405
 79.095 0.483961
 79.2946 0.486322
 79.3935 0.487482
 79.5922 0.489492
 79.7935 0.491922
 79.9948 0.49431
 80.1935 0.496544
 80.3905 0.498778
 80.5901 0.501017
 80.8907 0.504373
 80.9905 0.505652
 81.1901 0.507886
 81.3871 0.510215
 81.5866 0.512661
 81.7862 0.515134
 81.886 0.516376
 82.0856 0.51896
 82.286 0.52162
 82.4941 0.524406
 82.6936 0.527173
 82.7926 0.528687
 82.9879 0.531372
 83.1815 0.53331
 83.3751 0.535885
 83.5738 0.53883
 83.7759 0.541673
 83.9789 0.544632
 84.1853 0.547358
 84.384 0.550316
 84.4821 0.551315
 84.5801 0.551359
 84.7763 0.551398
 84.975 0.553379
 85.172 0.556354
 85.3707 0.559327
 85.5719 0.562342
 85.7707 0.565102
 85.9677 0.568121
 86.1664 0.571193
 86.3685 0.574265
 86.5681 0.578299
 86.7685 0.580388
 86.9672 0.584403
 87.1668 0.592353
 87.3655 0.59444
 87.5634 0.596518
 87.7595 0.599104
 87.8597 0.600232
 88.0619 0.602811
 88.1634 0.604439
 88.3646 0.607515
 88.5659 0.611559
 88.7646 0.614625
 88.9625 0.617691
 89.1621 0.620733
 89.3599 0.623576
 89.5569 0.626428
 89.7573 0.629263
 89.9612 0.63189
 90.1607 0.632054
 90.2592 0.63321
 90.5547 0.63753
 90.6541 0.639047
 90.8545 0.642039
 91.0532 0.645152
 91.2528 0.649251
 91.4515 0.649434
 91.6528 0.651569
 91.8541 0.654703
 92.0536 0.657571
 92.2515 0.660194
 92.4476 0.663054
 92.6446 0.665703
 92.8442 0.668817
 93.0438 0.672895
 93.2425 0.676016
 93.4445 0.676192
 93.6484 0.678831
 93.8479 0.682438
 94.0441 0.685305
 94.2385 0.688194
 94.4389 0.691309
 94.6394 0.694221
 94.8398 0.697352
 95.1404 0.70145
 95.3408 0.704067
 95.5412 0.707195
 95.7391 0.710073
 95.9361 0.712937
 96.1356 0.716053
 96.336 0.719154
 96.5356 0.723275
 96.7335 0.726165
 96.9305 0.729015
 97.1309 0.731985
 97.3322 0.73495
 97.5326 0.737915
 97.7304 0.74202
 97.93 0.745064
 98.1313 0.748125
 98.3308 0.751175
 98.527 0.754304
 98.825 0.759032
 99.0272 0.762326
 99.2293 0.765798
 99.4288 0.769166
 99.6258 0.772489
 99.8237 0.775722
 100.022 0.779053
 100.221 0.78218
 100.419 0.785468
 100.617 0.788126
 100.816 0.791518
 101.02 0.794905
 101.221 0.798342
 101.42 0.801646
 101.619 0.804913
 101.82 0.808252
 102.02 0.811649
 102.218 0.814964
 102.416 0.818207
 102.617 0.822293
 102.818 0.825901
 102.918 0.827536
 103.212 0.832399
 103.409 0.835761
 103.608 0.839057
 103.808 0.842461
 104.008 0.845845
 104.208 0.849961
 104.407 0.853334
 104.608 0.856857
 104.808 0.860408
 105.003 0.863919
 105.199 0.867537
 105.301 0.869502
 105.602 0.875584
 105.803 0.879674
 106.003 0.883452
 106.204 0.887162
 106.405 0.890981
 106.602 0.894697
 106.798 0.89845
 106.996 0.902656
 107.298 0.908299
 107.499 0.912219
 107.699 0.916142
 107.897 0.920088
 108.1 0.924082
 108.299 0.92801
 108.498 0.931653
 108.698 0.935603
 108.798 0.937827
 108.995 0.941694
 109.193 0.945623
 109.491 0.951429
 109.589 0.953673
 109.787 0.957638
 110.09 0.963682
 110.295 0.967708
 110.494 0.97173
 110.691 0.974936
 110.89 0.978922
 111.089 0.982825
 111.285 0.986978
 111.484 0.991064
 111.687 0.995318
 111.789 0.997682
 111.99 1.00188
 112.187 1.00601
 112.384 1.01021
 112.582 1.01442
 112.782 1.01885
 112.982 1.02333
 113.18 1.02771
 113.381 1.0323
 113.582 1.03691
 113.781 1.0415
 113.979 1.04602
 114.178 1.05046
 114.377 1.05462
 114.578 1.05924
 114.777 1.06367
 114.976 1.06803
 115.177 1.07238
 115.38 1.07685
 115.682 1.08329
 115.881 1.08734
 116.077 1.09337
 116.272 1.09757
 116.472 1.10186
 116.673 1.10595
 116.874 1.11024
 117.073 1.1146
 117.273 1.11896
 117.471 1.12305
 117.569 1.12526
 117.765 1.12949
 117.964 1.13362
 118.165 1.13801
 118.364 1.14224
 118.564 1.14635
 118.761 1.15019
 118.962 1.15445
 119.166 1.15868
 119.368 1.16291
 119.568 1.16723
 119.768 1.17159
 119.966 1.17597
 120.165 1.18044
 120.264 1.18285
 120.362 1.18514
 120.47 1.18767
 120.66 1.19204
 120.864 1.19665
 121.064 1.20154
 121.263 1.206
 121.558 1.21251
 121.756 1.21711
 121.952 1.22146
 122.15 1.22587
 122.348 1.22613
 122.549 1.23065
 122.753 1.23531
 122.957 1.23992
 123.154 1.24438
 123.351 1.24876
 123.552 1.25314
 123.751 1.25751
 123.951 1.26188
 124.149 1.26628
 124.348 1.27076
 124.55 1.27517
 124.751 1.27981
 124.948 1.28432
 125.146 1.28882
 125.345 1.29338
 125.545 1.29799
 125.744 1.30263
 125.945 1.3073
 126.148 1.31217
 126.35 1.31679
 126.548 1.3219
 126.744 1.32651
 126.937 1.33111
 127.134 1.33548
 127.336 1.34351
 127.537 1.34863
 127.739 1.35277
 127.942 1.35787
 128.143 1.36272
 128.341 1.36734
 128.538 1.37198
 128.734 1.37659
 128.932 1.38146
 129.134 1.38656
 129.336 1.39069
 129.536 1.3958
 129.735 1.40092
 129.935 1.40602
 130.135 1.4109
 130.333 1.41576
 130.534 1.42064
 130.732 1.42551
 130.93 1.43039
 131.129 1.43549
 131.327 1.44036
 131.523 1.44595
 131.724 1.45203
 131.928 1.45713
 132.129 1.46224
 132.329 1.46735
 132.526 1.47195
 132.723 1.47706
 132.922 1.48216
 133.121 1.4873
 133.319 1.49192
 133.521 1.49605
 133.724 1.49627
 133.922 1.50184
 134.119 1.50643
 134.316 1.50663
 134.515 1.51073
 134.713 1.51481
 134.914 1.51988
 135.113 1.52494
 135.314 1.53098
 135.516 1.53604
 135.717 1.54109
 135.915 1.54589
 136.112 1.55067
 136.309 1.5557
 136.507 1.56048
 136.707 1.56505
 136.905 1.57008
 137.108 1.5761
 137.31 1.57624
 137.511 1.58035
 137.709 1.58542
 137.905 1.59042
 138.102 1.59488
 138.302 1.59987
 138.503 1.604
 138.703 1.60908
 138.906 1.61314
 139.105 1.6181
 139.302 1.62318
 139.497 1.6283
 139.694 1.63338
 139.891 1.63831
 140.09 1.64324
 140.291 1.64831
 140.491 1.65384
 140.691 1.65885
 140.891 1.66378
 141.093 1.66893
 141.292 1.67408
 141.391 1.67678
 141.687 1.68427
 141.787 1.68683
 141.986 1.69176
 142.186 1.69694
 142.387 1.70213
 142.587 1.70723
 142.788 1.7127
 142.987 1.71757
 143.186 1.72289
 143.383 1.72907
 143.58 1.73371
 143.78 1.73872
 143.979 1.74385
 144.176 1.74898
 144.278 1.7517
 144.379 1.75446
 144.582 1.75985
 144.783 1.76517
 144.982 1.77043
 145.179 1.7755
 145.379 1.7808
 145.578 1.78622
 145.778 1.79167
 145.977 1.79694
 146.178 1.80224
 146.378 1.80739
 146.576 1.81314
 146.774 1.81882
 146.97 1.82429
 147.169 1.82915
 147.37 1.83429
 147.571 1.84047
 147.77 1.84617
 147.968 1.85167
 148.169 1.85689
 148.369 1.86233
 148.566 1.86785
 148.761 1.87336
 148.958 1.87889
 149.158 1.88447
 149.359 1.88973
 149.56 1.89578
 149.761 1.90184
 149.961 1.90782
 150.158 1.91174
 150.355 1.91167
 150.454 1.91461
 150.654 1.91968
 150.753 1.92234
 150.955 1.92787
 151.156 1.93351
 151.255 1.93642
 151.554 1.94481
 151.755 1.95046
 151.956 1.95625
 152.156 1.96176
 152.355 1.96719
 152.552 1.97294
 152.751 1.97861
 152.949 1.98416
 153.145 1.99017
 153.344 1.99627
 153.545 2.00225
 153.747 2.00794
 154.047 2.01689
 154.145 2.01986
 154.442 2.02772
 154.642 2.03397
 154.84 2.0401
 155.04 2.04562
 155.239 2.05105
 155.44 2.05705
 155.64 2.06314
 155.839 2.06341
 156.035 2.07139
 156.233 2.07684
 156.434 2.08248
 156.634 2.08866
 156.832 2.09479
 157.031 2.10084
 157.23 2.10679
 157.432 2.11271
 157.633 2.11857
 157.831 2.1246
 158.028 2.13017
 158.227 2.13565
 158.426 2.14101
 158.625 2.14693
 158.825 2.15256
 159.026 2.15837
 159.229 2.16432
 159.428 2.16986
 159.625 2.17533
 159.82 2.18053
 160.018 2.1866
 160.221 2.19266
 160.421 2.19875
 160.621 2.20483
 160.822 2.21083
 161.022 2.21669
 161.219 2.22257
 161.418 2.22795
 161.615 2.23394
 161.817 2.24029
 162.018 2.24652
 162.218 2.25292
 162.417 2.25958
 162.615 2.26622
 162.815 2.27274
 163.016 2.2789
 163.215 2.28539
 163.411 2.29172
 163.609 2.30037
 163.809 2.30704
 164.009 2.31165
 164.21 2.31826
 164.409 2.3247
 164.612 2.33156
 164.813 2.33822
 165.013 2.34404
 165.209 2.35056
 165.407 2.35602
 165.604 2.36114
 165.803 2.37025
 166 2.37714
 166.2 2.38361
 166.503 2.39265
 166.604 2.39584
 166.805 2.40308
 167.002 2.40992
 167.303 2.41952
 167.402 2.42316
 167.6 2.42938
 167.798 2.43596
 168.1 2.44615
 168.3 2.45299
 168.5 2.45969
 168.698 2.46637
 168.796 2.47058
 168.994 2.47779
 169.193 2.48474
 169.391 2.49153
 169.591 2.49841
 169.794 2.50518
 170.095 2.51581
 170.296 2.52301
 170.495 2.52996
 170.693 2.5367
 170.893 2.5439
 171.097 2.55136
 171.297 2.55889
 171.494 2.56574
 171.692 2.57238
 171.891 2.57954
 172.088 2.58652
 172.188 2.59077
 172.385 2.59812
 172.584 2.60497
 172.783 2.61168
 172.982 2.61884
 173.181 2.62663
 173.379 2.63413
 173.58 2.64135
 173.781 2.64847
 173.983 2.65579
 174.184 2.66357
 174.383 2.67105
 174.58 2.6782
 174.778 2.68556
 174.977 2.69313
 175.128 2.69937
 175.24 2.70437
 175.331 2.70851
 175.377 2.71123
 175.382 2.71238
 175.378 2.71341
 175.374 2.71456
 175.372 2.71568
 175.373 2.71676
 175.373 2.7179
 175.373 2.71909
 175.373 2.72025
 175.373 2.72133
 175.373 2.72243
 175.373 2.72357
 175.373 2.72467
 175.373 2.72576
 175.373 2.72683
 175.373 2.72796
 175.373 2.72908
 175.373 2.7302
 175.373 2.73127
 175.373 2.73238
 175.373 2.73347
 175.373 2.73455
 175.373 2.73562
 175.373 2.73668
 175.373 2.73768
 175.373 2.73876
 175.373 2.73984
 175.373 2.74092
 175.373 2.74198
 175.373 2.74303
 175.373 2.74403
 175.373 2.74508
 175.373 2.7461
 175.373 2.74712
 175.373 2.74814
 175.373 2.74917
 175.373 2.7502
 175.373 2.75119
 175.373 2.75217
 175.372 2.75317
 175.372 2.75417
 175.372 2.75513
 175.372 2.75611
 175.372 2.75711
 175.372 2.75805
 175.372 2.75903
 175.372 2.75996
 175.372 2.76087
 175.372 2.76183
 175.372 2.76271
 175.372 2.76365
 175.372 2.76458
 175.372 2.76551
 175.372 2.76643
 175.372 2.7673
 175.372 2.7682
 175.372 2.76907
 175.372 2.76995
 175.372 2.77081
 175.372 2.7717
 175.372 2.77257
 175.372 2.77344
 175.372 2.77431
 175.372 2.77517
 175.372 2.77603
 175.372 2.77687
 175.372 2.77768
 175.372 2.77853
 175.372 2.77937
 175.372 2.7802
 175.372 2.78101
 175.372 2.78183
 175.372 2.78265
 175.372 2.78348
 175.372 2.78423
 175.372 2.78503
 175.372 2.78583
 175.372 2.78659
 175.372 2.78736
 175.372 2.78811
 175.372 2.78891
 175.372 2.78964
 175.372 2.7904
 175.372 2.79113
 175.372 2.79187
 175.372 2.79261
 175.372 2.79335
 175.372 2.79407
 175.372 2.7948
 175.369 2.79532
 175.37 2.79536
 175.376 2.79544
 175.378 2.79588
 175.378 2.79607
 175.378 2.79643
 175.376 2.79648
 175.372 2.79656
 175.373 2.79713
 175.378 2.79769
 175.382 2.79837
 175.384 2.79891
 175.381 2.79894
 175.377 2.79866
 175.375 2.79885
 175.377 2.79963
 175.377 2.80011
 175.378 2.80089
 175.378 2.80163
 175.378 2.80215
 175.375 2.80221
 175.374 2.80272
 175.373 2.80302
 175.374 2.80416
 175.377 2.8059
 175.381 2.80798
 175.382 2.80934
 175.378 2.80921
 175.378 2.8104
 175.378 2.81137
 175.38 2.81319
 175.38 2.81441
 175.379 2.81545
 175.376 2.81546
 175.373 2.81559
 175.374 2.81786
 175.374 2.81943
 175.376 2.82178
 175.376 2.82389
 175.374 2.82434
 175.373 2.82542
 175.376 2.82892
 175.379 2.83256
 175.379 2.83452
 175.378 2.83607
 175.374 2.83597
 175.372 2.83679
 175.373 2.84145
 175.377 2.84767
 175.377 2.8521
 175.379 2.85748
 175.378 2.86044
 175.379 2.86527
 175.381 2.87122
 175.381 2.87534
 175.381 2.88025
 175.379 2.8833
 175.375 2.8846
 175.378 2.89179
 175.38 2.89843
 175.381 2.90458
 175.381 2.91042
 175.38 2.91469
 175.379 2.91869
 175.377 2.9225
 175.379 2.93034
 175.379 2.93646
 175.379 2.94293
 175.379 2.94858
 175.377 2.95266
 175.377 2.95948
 175.382 2.97162
 175.384 2.98199
 175.385 2.98991
 175.384 2.99657
 175.381 3.00027
 175.378 3.00348
 175.38 3.01137
 175.381 3.01911
 175.381 3.02407
 175.38 3.02882
 175.378 3.03146
 175.376 3.03465
 175.377 3.0431
 175.38 3.05381
 175.381 3.06144
 175.381 3.06932
 175.38 3.07332
 175.378 3.07476
 175.378 3.08269
 175.38 3.09343
 175.381 3.10249
 175.381 3.10955
 175.38 3.1163
 175.379 3.11913
 175.378 3.12516
 175.379 3.13591
 175.381 3.14719
 175.381 3.15558
 175.381 3.16308
 175.379 3.16613
 175.378 3.17092
 175.38 3.18491
 175.381 3.19722
 175.381 3.20571
 175.38 3.21263
 175.379 3.21606
 175.378 3.22042
 175.379 3.23371
 175.379 3.24614
 175.379 3.25695
 175.378 3.26078
 175.378 3.26881
 175.378 3.27719
 175.378 3.28827
 175.378 3.30154
 175.378 3.31209
 175.378 3.31901
 175.378 3.32756
 175.377 3.33707
 175.377 3.34656
 175.377 3.35598
 175.377 3.36538
 175.377 3.37488
 175.377 3.38425
 175.377 3.39367
 175.376 3.40304
 175.376 3.41236
 175.376 3.42159
 175.376 3.43093
 175.376 3.44025
 175.376 3.4495
 175.376 3.45883
 175.376 3.46814
 175.375 3.47728
 175.375 3.48642
 175.375 3.49559
 175.375 3.50464
 175.375 3.51385
 175.375 3.52298
 175.375 3.53213
 175.374 3.54118
 175.374 3.55028
 175.374 3.55924
 175.374 3.56829
 175.374 3.57725
 175.374 3.5862
 175.374 3.59517
 175.373 3.60417
 175.373 3.61307
 175.373 3.62198
 175.373 3.63082
 175.373 3.63972
 175.373 3.64855
 175.373 3.65747
 175.379 3.71821
 175.398 3.86264
 175.425 4.07296
 175.457 4.33232
 175.493 4.62038
 175.524 4.87977
 175.549 5.08399
 175.571 5.27318
 175.593 5.46652
 175.618 5.67353
 175.643 5.89234
 175.669 6.11587
 175.694 6.32921
 175.717 6.52961
 175.74 6.72592
 175.763 6.92642
 175.799 7.23069
 175.823 7.43708
 175.847 7.6474
 175.872 7.86047
 175.896 8.0708
 175.919 8.27669
 175.943 8.48117
 175.966 8.68359
 175.977 8.78764
 176.013 9.0914
 176.036 9.29787
 176.06 9.50578
 176.083 9.71173
 176.114 9.89605
 176.141 10.1019
 176.165 10.3076
 176.189 10.5137
 176.213 10.7203
 176.244 10.9079
 176.267 11.1134
 176.29 11.3172
 176.313 11.5229
 176.337 11.7306
 176.361 11.9374
 176.384 12.1423
 176.407 12.347
 176.43 12.551
 176.453 12.756
 176.477 12.9617
 176.499 13.1641
 176.522 13.3679
 176.545 13.5735
 176.569 13.7782
 176.592 13.9809
 176.615 14.1853
 176.638 14.3925
 176.661 14.5972
 176.684 14.8033
 176.707 15.0057
 176.73 15.2083
 176.753 15.4126
 176.776 15.6192
 176.799 15.8224
 176.822 16.0259
 176.845 16.2295
 176.868 16.4335
 176.891 16.6369
 176.914 16.8382
 176.938 17.0427
 176.961 17.2486
 176.984 17.4531
 177.008 17.6555
 177.039 17.8599
 177.062 18.0637
 177.085 18.2667
 177.107 18.4679
 177.13 18.6675
 177.153 18.8692
 177.176 19.0715
 177.199 19.2752
 177.222 19.4791
 177.246 19.6848
 177.268 19.8879
 177.291 20.0898
 177.314 20.2905
 177.337 20.4899
 177.359 20.6909
 177.382 20.8944
 177.417 21.1972
 177.428 21.3007
 177.461 21.6011
 177.471 21.7033
 177.504 22.003
 177.515 22.1055
 177.549 22.4081
 177.56 22.511
 177.595 22.8153
 177.606 22.9181
 177.628 23.1189
 177.651 23.3202
 177.684 23.6167
 177.705 23.8195
 177.717 23.923
 177.751 24.226
 177.774 24.4287
 177.797 24.6316
 177.82 24.8325
 177.831 24.9341
 177.842 25.0353
 177.865 25.2359
 177.887 25.437
 177.91 25.6377
 177.933 25.8375
 177.955 26.0374
 177.978 26.2398
 178.001 26.4443
 178.024 26.6452
 178.047 26.8449
 178.07 27.0422
 178.092 27.2396
 178.114 27.4361
 178.137 27.6376
 178.16 27.8387
 178.183 28.0425
 178.206 28.2441
 178.229 28.4452
 178.251 28.6425
 178.274 28.8408
 178.297 29.0402
 178.32 29.2412
 178.343 29.4442
 178.366 29.6455
 178.389 29.8459
 178.412 30.0432
 178.435 30.2422
 178.458 30.4414
 178.481 30.6398
 178.503 30.8393
 178.526 31.0396
 178.549 31.2406
 178.572 31.437
 178.595 31.6344
 178.618 31.8326
 178.641 32.034
 178.664 32.2335
 178.688 32.4319
 178.711 32.6322
 178.734 32.8291
 178.757 33.0266
 178.78 33.2215
 178.803 33.4188
 178.826 33.6171
 178.85 33.8187
 178.873 34.0173
 178.896 34.2169
 178.919 34.4139
 178.953 34.707
 178.976 34.9047
 178.999 35.1008
 179.021 35.2958
 179.044 35.4933
 179.067 35.6927
 179.091 35.8901
 179.114 36.0875
 179.137 36.2849
 179.16 36.4822
 179.183 36.6787
 179.206 36.8751
 179.23 37.0731
 179.254 37.2729
 179.277 37.4734
 179.301 37.6716
 179.325 37.8679
 179.348 38.0625
 179.371 38.2581
 179.395 38.4536
 179.418 38.6516
 179.442 38.8479
 179.466 39.0459
 179.489 39.2431
 179.513 39.4403
 179.537 39.6375
 179.561 39.8364
 179.584 40.032
 179.607 40.2275
 179.631 40.4247
 179.654 40.6195
 179.677 40.8194
 179.7 41.0186
 179.723 41.2168
 179.746 41.4133
 179.769 41.6133
 179.792 41.8108
 179.814 42.0074
 179.837 42.2007
 179.859 42.3947
 179.882 42.5897
 179.905 42.7872
 179.928 42.9847
 179.952 43.1836
 179.975 43.3843
 179.998 43.5834
 180.022 43.7825
 180.045 43.98
 180.069 44.1766
 180.091 44.3731
 180.114 44.5695
 180.137 44.7682
 180.16 44.9658
 180.183 45.1642
 180.207 45.3613
 180.23 45.5579
 180.253 45.7546
 180.264 45.852
 180.275 45.9493
 180.299 46.1457
 180.321 46.3424
 180.344 46.5399
 180.367 46.7367
 180.391 46.935
 180.414 47.1334
 180.437 47.3311
 180.46 47.5264
 180.481 47.7199
 180.506 47.9295
 180.528 48.1103
 180.549 48.3104
 180.573 48.5114
 180.597 48.7135
 180.62 48.9125
 180.643 49.1073
 180.666 49.3032
 180.69 49.5017
 180.712 49.6989
 180.736 49.8969
 180.759 50.0952
 180.782 50.2929
 180.804 50.4887
 180.828 50.6861
 180.852 50.8882
 180.875 51.0864
 180.898 51.2861
 180.921 51.4833
 180.945 51.68
 180.979 51.9746
 181.002 52.1752
 181.025 52.3727
 181.049 52.5708
 181.072 52.7689
 181.095 52.9665
 181.117 53.1617
 181.14 53.3565
 181.152 53.4543
 181.186 53.7513
 181.209 53.9509
 181.231 54.1481
 181.255 54.3451
 181.278 54.542
 181.299 54.7386
 181.322 54.9335
 181.345 55.1304
 181.368 55.3288
 181.391 55.5262
 181.415 55.7229
 181.438 55.9225
 181.461 56.122
 181.483 56.3193
 181.506 56.5149
 181.529 56.7112
 181.552 56.9067
 181.574 57.1027
 181.598 57.3008
 181.622 57.5002
 181.644 57.6975
 181.666 57.895
 181.689 58.0919
 181.712 58.2881
 181.734 58.4852
 181.757 58.6819
 181.78 58.8793
 181.803 59.0785
 181.826 59.2768
 181.848 59.4732
 181.871 59.6679
 181.894 59.8631
 181.916 60.0599
 181.939 60.2574
 181.962 60.4538
 181.986 60.653
 182.009 60.8521
 182.021 60.9496
 182.044 61.147
 182.067 61.3432
 182.09 61.5406
 182.113 61.7374
 182.135 61.9322
 182.159 62.1303
 182.182 62.3274
 182.205 62.5267
 182.228 62.7259
 182.251 62.925
 182.274 63.122
 182.297 63.3184
 182.32 63.5161
 182.342 63.7103
 182.365 63.9035
 182.388 64.0989
 182.41 64.2966
 182.434 64.4936
 182.457 64.6922
 182.48 64.8918
 182.496 65.095
 182.519 65.2921
 182.542 65.4901
 182.565 65.6855
 182.588 65.8807
 182.611 66.0791
 182.634 66.2776
 182.657 66.4746
 182.679 66.6696
 182.702 66.8654
 182.725 67.0623
 182.748 67.2623
 182.771 67.4608
 182.794 67.6589
 182.816 67.8565
 182.839 68.0553
 182.862 68.2519
 182.884 68.4477
 182.907 68.6463
 182.929 68.8455
 182.951 69.042
 182.975 69.234
 182.997 69.431
 183.02 69.6314
 183.041 69.8308
 183.063 70.0327
 183.082 70.2027
 183.097 70.3318
 183.106 70.4146
 183.111 70.4576
 183.112 70.4628
 183.112 70.4584
 183.111 70.4548
 183.111 70.4547
 183.111 70.4546
 183.111 70.4537
 183.111 70.4528
 183.111 70.4527
 183.111 70.4526
 183.111 70.4533
 183.111 70.4541
 183.111 70.454
 183.111 70.4531
 183.111 70.453
 183.111 70.4529
 183.112 70.4529
 183.112 70.4528
 183.112 70.4527
 183.112 70.4526
 183.112 70.4525
 183.112 70.4524
 183.112 70.4524
 183.112 70.4523
 183.112 70.4522
 183.112 70.452
 183.112 70.452
 183.112 70.4519
 183.112 70.4518
 183.112 70.4518
 183.112 70.4517
 183.112 70.4516
 183.112 70.4515
 183.112 70.4515
 183.112 70.4514
 183.112 70.4513
 183.112 70.4512
 183.112 70.4512
 183.112 70.4511
 183.112 70.4511
 183.112 70.451
 183.112 70.451
 183.112 70.451
 183.112 70.4509
 183.112 70.4508
 183.112 70.4507
 183.112 70.4507
 183.112 70.4506
 183.112 70.4506
 183.112 70.4506
 183.112 70.4505
 183.112 70.4504
 183.112 70.4504
 183.112 70.4503
 183.112 70.4503
 183.113 70.4502
 183.113 70.4501
 183.113 70.4501
 183.113 70.45
 183.113 70.45
 183.113 70.4499
 183.113 70.4498
 183.113 70.4498
 183.113 70.4497
 183.113 70.4496
 183.113 70.4496
 183.113 70.4496
 183.113 70.4495
 183.113 70.4495
 183.113 70.4494
 183.113 70.4494
 183.113 70.4493
 183.113 70.4493
 183.113 70.4492
 183.113 70.4492
 183.113 70.4491
 183.113 70.4491
 183.113 70.449
 183.113 70.4489
 183.113 70.4489
 183.113 70.4488
 183.113 70.4487
 183.113 70.4487
 183.113 70.4487
 183.113 70.4486
 183.113 70.4486
 183.113 70.4485
 183.113 70.4485
 183.113 70.4485
 183.113 70.4484
 183.113 70.4484
 183.113 70.4483
 183.113 70.4483
 183.113 70.4483
 183.113 70.4482
 183.113 70.4482
 183.113 70.4481
 183.113 70.448
 183.113 70.448
 183.113 70.4479
 183.113 70.4479
 183.113 70.4478
 183.113 70.4478
 183.113 70.4477
 183.113 70.4477
 183.113 70.4476
 183.113 70.4476
 183.113 70.4475
 183.113 70.4475
 183.113 70.4474
 183.114 70.4474
 183.114 70.4473
 183.114 70.4473
 183.114 70.4473
 183.114 70.4472
 183.114 70.4472
 183.114 70.4471
 183.114 70.4471
 183.114 70.447
 183.114 70.447
 183.114 70.447
 183.114 70.4469
 183.114 70.4469
 183.114 70.4468
 183.114 70.4468
 183.114 70.4468
 183.114 70.4467
 183.114 70.4467
 183.114 70.4467
 183.114 70.4466
 183.114 70.4466
 183.114 70.4465
 183.114 70.4464
 183.114 70.4464
 183.114 70.4463
 183.114 70.4463
 183.114 70.4463
 183.114 70.4462
 183.114 70.4462
 183.114 70.4461
 183.114 70.4461
 183.114 70.4461
 183.114 70.446
 183.114 70.446
 183.114 70.446
 183.114 70.4459
 183.114 70.4459
 183.114 70.4459
 183.114 70.4459
 183.114 70.4458
 183.114 70.4458
 183.114 70.4457
 183.114 70.4457
 183.114 70.4457
 183.114 70.4456
 183.114 70.4456
 183.114 70.4456
 183.114 70.4455
 183.114 70.4455
 183.114 70.4454
 183.114 70.4454
 183.114 70.4454
 183.114 70.4453
 183.114 70.4453
 183.114 70.4452
 183.114 70.4452
 183.114 70.4451
 183.114 70.4451
 183.114 70.4451
 183.114 70.445
 183.114 70.445
 183.114 70.445
 183.114 70.4449
 183.115 70.4449
 183.115 70.4448
 183.115 70.4448
 183.115 70.4448
 183.115 70.4447
 183.115 70.4447
 183.115 70.4446
 183.115 70.4446
 183.115 70.4446
 183.115 70.4445
 183.115 70.4445
 183.115 70.4494
 183.116 70.451
 183.115 70.4511
 183.116 70.4507
 183.116 70.4495
 183.116 70.4476
 183.116 70.4492
 183.116 70.4517
 183.116 70.4524
 183.116 70.4495
 183.116 70.4422
 183.116 70.4444
 183.116 70.4484
 183.116 70.4518
 183.116 70.4559
 183.116 70.4565
 183.116 70.4535
 183.117 70.448
 183.117 70.4459
 183.117 70.4474
 183.117 70.453
 183.117 70.4485
 183.118 70.4438
 183.118 70.444
 183.118 70.4443
 183.118 70.4463
 183.117 70.4509
 183.117 70.4537
 183.117 70.4514
 183.119 70.444
 183.12 70.4406
 183.121 70.4392
 183.12 70.4411
 183.12 70.4429
 183.12 70.442
 183.122 70.4369
 183.122 70.4351
 183.122 70.4351
 183.121 70.4375
 183.12 70.4406
 183.121 70.438
 183.124 70.4322
 183.125 70.4278
 183.126 70.4268
 183.125 70.4274
 183.124 70.4296
 183.124 70.4293
 183.126 70.4263
 183.126 70.425
 183.125 70.426
 183.123 70.4294
 183.124 70.4289
 183.126 70.4239
 183.129 70.4189
 183.13 70.4166
 183.13 70.4151
 183.129 70.4166
 183.129 70.4159
 183.131 70.4122
 183.133 70.4084
 183.134 70.4059
 183.135 70.404
 183.13 70.4145
 183.125 70.4243
 183.123 70.4297
 183.124 70.431
 183.125 70.4332
 183.122 70.4394
 183.117 70.4486
 183.114 70.4558
 183.114 70.4597
 183.114 70.4621
 183.114 70.4653
 183.112 70.471
 183.107 70.4787
 183.103 70.4866
 183.101 70.4916
 183.101 70.4947
 183.103 70.4965
 183.1 70.5015
 183.095 70.5092
 183.09 70.5174
 183.088 70.5221
 183.09 70.5187
 183.094 70.5134
 183.096 70.5104
 183.094 70.5098
 183.093 70.5087
 183.094 70.506
 183.097 70.5023
 183.101 70.4971
 183.104 70.4929
 183.103 70.4914
 183.1 70.4912
 183.099 70.4897
 183.102 70.4862
 183.108 70.48
 183.113 70.4749
 183.111 70.4734
 183.107 70.473
 183.105 70.4715
 183.107 70.4678
 183.113 70.4623
 183.121 70.4558
 183.124 70.4519
 183.123 70.4495
 183.118 70.4486
 183.118 70.4456
 183.121 70.4411
 183.126 70.4362
 183.126 70.433
 183.123 70.4311
 183.118 70.4296
 183.119 70.426
 183.125 70.4208
 183.131 70.4157
 183.133 70.412
 183.132 70.4088
 183.128 70.4062
 183.126 70.4032
 183.131 70.3986
 183.138 70.3936
 183.142 70.3893
 183.141 70.3861
 183.137 70.3831
 183.134 70.3799
 183.139 70.3752
 183.145 70.3707
 183.152 70.3662
 183.16 70.3614
 183.163 70.3573
 183.163 70.3534
 183.165 70.3493
 183.168 70.3451
 183.169 70.341
 183.171 70.3371
 183.172 70.3331
 183.174 70.3289
 183.175 70.3248
 183.177 70.3205
 183.179 70.3165
 183.181 70.3122
 183.182 70.3079
 183.184 70.3038
 183.185 70.2998
 183.187 70.2956
 183.189 70.2914
 183.19 70.2873
 183.192 70.2831
 183.193 70.2788
 183.195 70.2745
 183.196 70.2703
 183.198 70.2661
 183.2 70.2618
 183.201 70.2575
 183.203 70.2533
 183.204 70.2491
 183.206 70.2448
 183.208 70.2406
 183.209 70.2361
 183.211 70.2318
 183.213 70.2275
 183.214 70.2232
 183.216 70.2189
 183.217 70.2146
 183.219 70.2103
 183.221 70.206
 183.222 70.2015
 183.224 70.197
 183.226 70.1926
 183.227 70.1881
 183.229 70.1835
 183.231 70.1789
 183.233 70.1743
 183.234 70.1699
 183.236 70.1654
 183.238 70.1608
 183.239 70.1564
 183.241 70.1518
 183.243 70.1475
 183.244 70.1429
 183.246 70.1384
 183.248 70.1338
 183.249 70.1294
 183.251 70.1248
 183.253 70.1202
 183.255 70.1156
 183.256 70.1111
 183.258 70.1067
 183.26 70.1022
 183.261 70.0974
 183.263 70.0928
 183.265 70.0882
 183.267 70.0835
 183.268 70.0789
 183.27 70.0743
 183.272 70.0695
 183.274 70.0648
 183.275 70.0603
 183.277 70.0556
 183.279 70.0511
 183.281 70.0463
 183.282 70.0417
 183.284 70.037
 183.286 70.0325
 183.288 70.0277
 183.289 70.0231
 183.291 70.0182
 183.293 70.0137
 183.295 70.0089
 183.296 70.0041
 183.298 69.9993
 183.3 69.9947
 183.302 69.9898
 183.304 69.985
 183.305 69.9802
 183.307 69.9756
 183.309 69.9708
 183.311 69.9659
 183.313 69.961
 183.314 69.9561
 183.316 69.9512
 183.318 69.9466
 183.32 69.9417
 183.322 69.9368
 183.324 69.932
 183.325 69.9273
 183.327 69.9225
 183.329 69.9176
 183.331 69.9129
 183.333 69.908
 183.334 69.9031
 183.336 69.8982
 183.338 69.8933
 183.34 69.8884
 183.342 69.8836
 183.344 69.8786
 183.345 69.8736
 183.347 69.8687
 183.349 69.8637
 183.351 69.8588
 183.353 69.8543
 183.355 69.8493
 183.356 69.8444
 183.358 69.8395
 183.36 69.8347
 183.362 69.8298
 183.364 69.8247
 183.366 69.8198
 183.368 69.8148
 183.369 69.8098
 183.371 69.8051
 183.373 69.8001
 183.375 69.7951
 183.377 69.7902
 183.379 69.7852
 183.381 69.7803
 183.382 69.7753
 183.384 69.7704
 183.386 69.7654
 183.388 69.7605
 183.39 69.7555
 183.392 69.7505
 183.394 69.7456
 183.395 69.7405
 183.397 69.7356
 183.399 69.7307
 183.401 69.7257
 183.403 69.7206
 183.405 69.7156
 183.407 69.7107
 183.409 69.7057
 183.41 69.7006
 183.412 69.6957
 183.414 69.6907
 183.416 69.6857
 183.418 69.6806
 183.42 69.6756
 183.422 69.6707
 183.424 69.6657
 183.425 69.6606
 183.427 69.6556
 183.429 69.6505
 183.431 69.6456
 183.433 69.6406
 183.435 69.6355
 183.437 69.6305
 183.439 69.6255
 183.441 69.6203
 183.442 69.6153
 183.444 69.6103
 183.446 69.6053
 183.448 69.6002
 183.45 69.5952
 183.452 69.5901
 183.454 69.585
 183.456 69.58
 183.458 69.575
 183.46 69.5699
 183.461 69.5649
 183.463 69.5598
 183.465 69.5548
 183.467 69.5497
 183.469 69.5447
 183.471 69.5395
 183.473 69.5345
 183.475 69.5294
 183.477 69.5244
 183.479 69.5193
 183.48 69.5142
 183.482 69.5092
 183.484 69.5042
 183.486 69.4991
 183.488 69.494
 183.49 69.4889
 183.492 69.4837
 183.494 69.4786
 183.496 69.4734
 183.498 69.4683
 183.5 69.4632
 183.502 69.4581
 183.503 69.4531
 183.505 69.4477
 183.507 69.4423
 183.509 69.4371
 183.511 69.4319
 183.513 69.4266
 183.515 69.4215
 183.517 69.4164
 183.519 69.4112
 183.521 69.4061
 183.523 69.4009
 183.525 69.3959
 183.527 69.3908
 183.529 69.3857
 183.531 69.3805
 183.533 69.375
 183.535 69.3698
 183.537 69.3648
 183.538 69.3597
 183.54 69.3545
 183.542 69.3493
 183.544 69.3442
 183.546 69.3388
 183.548 69.3335
 183.55 69.3284
 183.552 69.3233
 183.554 69.3182
 183.556 69.313
 183.558 69.3078
 183.56 69.3025
 183.562 69.2974
 183.564 69.2922
 183.566 69.2871
 183.568 69.282
 183.57 69.2768
 183.572 69.2716
 183.573 69.2666
 183.575 69.2614
 183.577 69.2563
 183.579 69.2512
 183.581 69.2459
 183.583 69.2407
 183.585 69.2354
 183.587 69.2302
 183.589 69.2249
 183.591 69.2196
 183.593 69.2143
 183.595 69.2091
 183.597 69.204
 183.599 69.1988
 183.601 69.1935
 183.603 69.1882
 183.605 69.183
 183.607 69.1777
 183.609 69.1726
 183.611 69.1674
 183.613 69.1622
 183.615 69.157
 183.617 69.1517
 183.619 69.1465
 183.62 69.1413
 183.622 69.1361
 183.624 69.1308
 183.626 69.1255
 183.628 69.1204
 183.63 69.115
 183.632 69.1098
 183.634 69.1046
 183.636 69.0993
 183.638 69.0941
 183.64 69.0889
 183.642 69.0837
 183.644 69.0785
 183.646 69.0733
 183.648 69.0681
 183.65 69.0629
 183.652 69.0576
 183.654 69.0522
 183.656 69.047
 183.658 69.0418
 183.66 69.0366
 183.604 69.0408
 183.463 69.0578
 183.262 69.0732
 183.017 69.0913
 182.741 69.1144
 182.494 69.1352
 182.297 69.151
 182.116 69.1643
 181.921 69.1798
 181.712 69.1952
 181.502 69.2114
 181.303 69.2261
 181.112 69.2406
 180.924 69.2554
 180.736 69.2696
 180.54 69.2844
 180.341 69.2998
 180.14 69.3153
 179.935 69.3248
 179.732 69.3499
 179.533 69.3668
 179.334 69.3763
 179.142 69.3913
 178.953 69.4045
 178.756 69.4196
 178.562 69.434
 178.365 69.4484
 178.169 69.4627
 177.971 69.4775
 177.775 69.4918
 177.579 69.5064
 177.385 69.5205
 177.19 69.5353
 176.995 69.5495
 176.799 69.5638
 176.597 69.5888
 176.399 69.6033
 176.203 69.6187
 176.009 69.6332
 175.812 69.6485
 175.617 69.6633
 175.422 69.6781
 175.226 69.6929
 175.031 69.7081
 174.836 69.7235
 174.64 69.7389
 174.442 69.7547
 174.142 69.781
 173.946 69.7965
 173.749 69.8128
 173.652 69.8177
 173.42 69.8436
 173.224 69.8591
 173.029 69.8743
 172.834 69.8904
 172.639 69.9065
 172.442 69.9227
 172.246 69.938
 172.049 69.9545
 171.856 69.9695
 171.659 69.9852
 171.462 70.0007
 171.267 70.0158
 171.07 70.0328
 170.875 70.0487
 170.678 70.0643
 170.48 70.0814
 170.283 70.0982
 170.088 70.1144
 169.794 70.1408
 169.599 70.1575
 169.405 70.1736
 169.207 70.1898
 169.11 70.1948
 168.814 70.2209
 168.618 70.2364
 168.422 70.2521
 168.228 70.2687
 168.031 70.285
 167.836 70.3002
 167.64 70.316
 167.444 70.3319
 167.248 70.3477
 167.052 70.3634
 166.852 70.3798
 166.656 70.3958
 166.461 70.4125
 166.267 70.4284
 166.073 70.445
 165.855 70.4632
 165.683 70.4758
 165.482 70.4946
 165.286 70.5118
 165.087 70.5226
 164.893 70.5386
 164.698 70.5542
 164.502 70.5712
 164.303 70.5879
 164.104 70.6039
 163.907 70.6198
 163.706 70.6387
 163.504 70.658
 163.304 70.6734
 163.109 70.6913
 162.913 70.7071
 162.716 70.7239
 162.516 70.7407
 162.314 70.7643
 162.117 70.7814
 161.922 70.7979
 161.728 70.8147
 161.531 70.8317
 161.333 70.8486
 161.135 70.8658
 160.937 70.8823
 160.642 70.9098
 160.448 70.926
 160.253 70.9426
 160.057 70.9588
 159.859 70.9755
 159.662 70.9917
 159.464 71.0092
 159.267 71.0258
 159.073 71.0428
 158.878 71.0595
 158.682 71.0762
 158.487 71.0925
 158.289 71.1094
 158.09 71.1256
 157.888 71.1447
 157.677 71.1626
 157.495 71.1772
 157.301 71.192
 157.101 71.2187
 156.907 71.2358
 156.71 71.2517
 156.515 71.268
 156.321 71.2866
 156.127 71.3029
 155.931 71.3195
 155.735 71.3356
 155.541 71.3514
 155.443 71.3574
 155.346 71.3635
 155.15 71.3797
 154.955 71.3951
 154.76 71.4109
 154.564 71.4276
 154.368 71.4436
 154.173 71.4594
 153.98 71.4748
 153.784 71.491
 153.587 71.5065
 153.391 71.5228
 153.19 71.5377
 152.987 71.5332
 152.792 71.5497
 152.596 71.5661
 152.4 71.5821
 152.202 71.5987
 152.103 71.605
 151.905 71.6217
 151.706 71.638
 151.512 71.6535
 151.316 71.6698
 151.122 71.6856
 150.926 71.7017
 150.73 71.7172
 150.533 71.7332
 150.338 71.7497
 150.143 71.7653
 149.947 71.7809
 149.754 71.795
 149.558 71.8108
 149.36 71.8263
 149.164 71.8415
 148.967 71.857
 148.771 71.8709
 148.573 71.881
 148.379 71.8958
 148.186 71.9108
 147.991 71.926
 147.799 71.943
 147.605 71.9579
 147.404 71.9751
 147.211 71.99
 147.018 72.0044
 146.825 72.0183
 146.625 72.0353
 146.429 72.0502
 146.333 72.0541
 146.238 72.058
 146.043 72.0724
 145.847 72.0861
 145.651 72.1008
 145.455 72.1148
 145.261 72.1297
 145.068 72.1433
 144.87 72.16
 144.678 72.1739
 144.481 72.1889
 144.286 72.2034
 144.09 72.2181
 143.894 72.2327
 143.699 72.2475
 143.507 72.2618
 143.312 72.2761
 143.115 72.291
 142.923 72.2985
 142.729 72.3061
 142.537 72.313
 142.347 72.3192
 142.158 72.3255
 141.966 72.3327
 141.776 72.3389
 141.586 72.3447
 141.391 72.3523
 141.161 72.3374
 140.976 72.3426
 140.884 72.3385
 140.696 72.344
 140.502 72.3508
 140.307 72.3358
 140.113 72.3421
 139.923 72.3478
 139.733 72.3532
 139.544 72.3579
 139.355 72.3631
 139.166 72.369
 138.941 72.3521
 138.752 72.3558
 138.561 72.3605
 138.368 72.3658
 138.178 72.3702
 137.986 72.3741
 137.704 72.3892
 137.518 72.3952
 137.427 72.3878
 137.235 72.3936
 137.048 72.397
 136.856 72.402
 136.664 72.4065
 136.474 72.4118
 136.283 72.4243
 136.088 72.4375
 135.895 72.4503
 135.703 72.4637
 135.511 72.4763
 135.318 72.489
 135.124 72.5022
 134.93 72.5157
 134.738 72.528
 134.547 72.5398
 134.356 72.5523
 134.167 72.5628
 133.877 72.5868
 133.686 72.5989
 133.493 72.6109
 133.3 72.6236
 133.105 72.6367
 132.914 72.6483
 132.722 72.6615
 132.533 72.6705
 132.337 72.6919
 132.15 72.7052
 131.958 72.717
 131.766 72.7277
 131.566 72.7794
 131.372 72.7914
 131.181 72.8029
 130.987 72.8134
 130.795 72.824
 130.603 72.8357
 130.411 72.847
 130.222 72.8597
 130.031 72.8702
 129.84 72.8815
 129.643 72.902
 129.45 72.9138
 129.257 72.9248
 129.065 72.9358
 128.874 72.9477
 128.683 72.9588
 128.494 72.9698
 128.301 72.9807
 128.109 72.9921
 127.915 73.0038
 127.722 73.0155
 127.531 73.0262
 127.342 73.0376
 127.15 73.0479
 126.959 73.06
 126.768 73.0717
 126.575 73.0834
 126.385 73.0942
 126.194 73.1058
 126.003 73.118
 125.813 73.1284
 125.622 73.1405
 125.431 73.1526
 125.239 73.1661
 125.045 73.1794
 124.85 73.192
 124.658 73.204
 124.467 73.2159
 124.276 73.2283
 124.086 73.2397
 123.896 73.2513
 123.706 73.2634
 123.515 73.2755
 123.322 73.2874
 123.132 73.299
 122.943 73.3103
 122.752 73.3235
 122.561 73.3365
 122.371 73.3482
 122.183 73.3587
 121.994 73.3703
 121.803 73.3827
 121.609 73.3957
 121.416 73.4069
 121.225 73.4177
 121.034 73.4298
 120.843 73.4418
 120.648 73.4603
 120.462 73.4702
 120.271 73.4818
 120.179 73.4813
 119.988 73.4928
 119.798 73.5038
 119.608 73.5141
 119.417 73.5259
 119.227 73.5367
 119.037 73.5485
 118.847 73.5595
 118.658 73.5703
 118.47 73.5808
 118.28 73.5923
 118.09 73.6043
 117.897 73.6155
 117.705 73.6275
 117.514 73.6387
 117.323 73.6509
 117.133 73.6621
 116.949 73.6725
 116.76 73.6799
 116.573 73.6911
 116.384 73.7033
 116.19 73.714
 115.999 73.7263
 115.805 73.7389
 115.612 73.7521
 115.422 73.7638
 115.232 73.776
 115.042 73.788
 114.852 73.8006
 114.663 73.813
 114.475 73.8245
 114.286 73.8355
 114.096 73.848
 113.903 73.8602
 113.714 73.8719
 113.526 73.8828
 113.338 73.8941
 113.152 73.9052
 112.964 73.9191
 112.776 73.9304
 112.585 73.9437
 112.392 73.9509
 112.201 73.9702
 112.013 73.9823
 111.824 73.9941
 111.63 74.0051
 111.445 74.0171
 111.255 74.0298
 111.067 74.0424
 110.879 74.0536
 110.689 74.0664
 110.499 74.0789
 110.309 74.0916
 110.119 74.104
 109.929 74.1165
 109.742 74.1289
 109.552 74.1415
 109.361 74.1543
 109.171 74.1672
 108.982 74.1801
 108.791 74.1934
 108.602 74.2066
 108.312 74.2338
 108.123 74.2462
 108.03 74.2509
 107.742 74.2773
 107.651 74.2787
 107.361 74.3051
 107.172 74.3188
 106.981 74.3336
 106.788 74.3478
 106.597 74.3629
 106.41 74.3763
 106.222 74.39
 106.035 74.4047
 105.845 74.4193
 105.654 74.434
 105.462 74.4492
 105.27 74.4654
 105.078 74.4813
 104.889 74.4963
 104.798 74.4989
 104.512 74.5297
 104.318 74.5468
 104.126 74.5629
 103.936 74.579
 103.745 74.5953
 103.551 74.6129
 103.359 74.63
 103.169 74.6463
 102.978 74.6625
 102.886 74.6666
 102.693 74.6847
 102.505 74.7009
 102.315 74.7185
 102.125 74.7355
 101.935 74.7521
 101.702 74.7757
 101.549 74.7879
 101.358 74.805
 101.167 74.8224
 100.973 74.8401
 100.78 74.8584
 100.586 74.8763
 100.396 74.8931
 100.203 74.9104
 100.013 74.9283
 99.8214 74.946
 99.728 74.9505
 99.5361 74.9675
 99.4441 74.9717
 99.251 74.9899
 99.0588 75.0083
 98.8675 75.0263
 98.6765 75.044
 98.4854 75.0621
 98.2937 75.0804
 98.0997 75.0993
 97.9055 75.1175
 97.7152 75.1361
 97.5244 75.1546
 97.3319 75.1751
 97.1397 75.1953
 96.9405 75.2206
 96.7446 75.241
 96.5491 75.2618
 96.3546 75.2824
 96.1637 75.3022
 95.9749 75.3216
 95.7839 75.3414
 95.591 75.3629
 95.396 75.3843
 95.2026 75.4056
 95.0064 75.4273
 94.8106 75.4489
 94.6139 75.4709
 94.4211 75.4925
 94.3258 75.501
 94.0347 75.5357
 93.8461 75.5553
 93.653 75.5763
 93.4544 75.6024
 93.2601 75.6233
 93.0617 75.6464
 92.8707 75.6672
 92.672 75.6933
 92.5801 75.6997
 92.2291 75.7572
 92.0404 75.7793
 91.9465 75.7872
 91.6578 75.8207
 91.4648 75.8406
 91.2713 75.8608
 91.1755 75.8692
 90.9813 75.8898
 90.7888 75.9093
 90.5961 75.9289
 90.405 75.9488
 90.2123 75.9694
 90.0228 75.9907
 89.8338 76.0072
 89.6427 76.0271
 89.4494 76.0472
 89.2571 76.0672
 89.0671 76.0861
 88.8746 76.1054
 88.683 76.1243
 88.4923 76.1435
 88.3025 76.1622
 88.1098 76.1807
 87.9211 76.199
 87.7322 76.2174
 87.541 76.2354
 87.3512 76.253
 87.1622 76.2703
 86.9719 76.2877
 86.6828 76.3182
 86.4925 76.3401
 86.3047 76.357
 86.1157 76.3747
 85.9244 76.3924
 85.7335 76.4098
 85.5443 76.4264
 85.3621 76.4444
 85.1743 76.4615
 84.981 76.476
 84.792 76.4938
 84.6019 76.5102
 84.4142 76.5274
 84.2274 76.5441
 84.1377 76.5483
 83.8535 76.578
 83.6688 76.5928
 83.4834 76.6081
 83.2957 76.6245
 83.107 76.6405
 82.9209 76.6563
 82.7326 76.6723
 82.5423 76.6893
 82.355 76.7051
 82.1696 76.7211
 81.9804 76.7407
 81.7943 76.7559
 81.6107 76.7714
 81.4258 76.7874
 81.2401 76.802
 81.0539 76.8181
 80.8695 76.8327
 80.6848 76.8487
 80.5008 76.8643
 80.3176 76.8795
 80.1327 76.8949
 79.9459 76.9105
 79.7576 76.9267
 79.5748 76.9415
 79.3913 76.9574
 79.2047 76.9726
 79.1173 76.9753
 78.9312 76.9917
 78.7454 77.0077
 78.5614 77.0234
 78.2769 77.0538
 78.0933 77.07
 77.9118 77.085
 77.7286 77.1014
 77.5377 77.1216
 77.3529 77.1378
 77.1668 77.1548
 76.9813 77.1708
 76.801 77.1863
 76.715 77.189
 76.5309 77.2061
 76.3444 77.2227
 76.0613 77.2533
 75.9764 77.2567
 75.7893 77.2742
 75.6052 77.2909
 75.4247 77.307
 75.1469 77.3368
 74.9615 77.3537
 74.7789 77.3707
 74.5947 77.3869
 74.4112 77.4026
 74.2218 77.4221
 74.0368 77.4375
 73.8529 77.4542
 73.672 77.4701
 73.4908 77.4857
 73.308 77.5023
 73.1271 77.518
 72.9442 77.5342
 72.7664 77.5482
 72.5745 77.598
 72.3938 77.6124
 72.2127 77.6283
 72.0332 77.6431
 71.852 77.6581
 71.6713 77.6732
 71.4883 77.6897
 71.3069 77.7058
 71.1285 77.7203
 70.949 77.7357
 70.7671 77.7516
 70.5853 77.7676
 70.405 77.7828
 70.2254 77.7978
 70.0458 77.8128
 69.8658 77.8287
 69.6859 77.8441
 69.5078 77.8587
 69.3287 77.8735
 69.1478 77.8891
 68.9672 77.9052
 68.7881 77.9201
 68.6108 77.9349
 68.4324 77.9497
 68.2512 77.9653
 68.0728 77.9813
 67.8983 77.9951
 67.7222 78.0096
 67.5418 78.0252
 67.3568 78.0115
 67.1775 78.0273
 66.9993 78.0426
 66.8224 78.0578
 66.5487 78.0868
 66.4696 78.088
 66.1959 78.1175
 66.0182 78.1331
 65.8406 78.1485
 65.6607 78.1646
 65.4839 78.1802
 65.3067 78.1962
 65.1303 78.2125
 64.9525 78.2294
 64.7745 78.2457
 64.5931 78.2623
 64.4211 78.2781
 64.2432 78.2949
 64.0664 78.3169
 63.8943 78.3306
 63.7184 78.3466
 63.5445 78.3641
 63.3646 78.3827
 63.1838 78.4001
 63.0059 78.4157
 62.8289 78.4332
 62.6488 78.4516
 62.4713 78.4701
 62.3931 78.4725
 62.2165 78.4901
 62.1376 78.4923
 61.9595 78.51
 61.7789 78.5291
 61.6014 78.548
 61.4256 78.5661
 61.249 78.5843
 61.0698 78.6035
 60.8922 78.6225
 60.7173 78.6406
 60.5425 78.6589
 60.3636 78.6779
 60.0823 78.714
 60.0022 78.7178
 59.729 78.752
 59.6499 78.7548
 59.3749 78.7896
 59.3047 78.7933
 59.0295 78.8281
 58.9492 78.8322
 58.7646 78.8589
 58.5884 78.8781
 58.3134 78.9135
 58.1397 78.9321
 57.9632 78.9514
 57.8844 78.9549
 57.6063 78.9914
 57.4295 79.0114
 57.2532 79.031
 57.0782 79.0513
 56.9014 79.0717
 56.8172 79.0776
 56.5513 79.1163
 56.3687 79.1197
 56.1901 79.1407
 56.0109 79.1603
 55.9331 79.166
 55.6624 79.2012
 55.492 79.2209
 55.3151 79.2422
 55.1353 79.2694
 54.9647 79.2882
 54.7902 79.309
 54.6145 79.3282
 54.437 79.3492
 54.2611 79.3683
 54.0844 79.3888
 53.9086 79.4098
 53.7326 79.4307
 53.5531 79.4499
 53.3787 79.4688
 53.2007 79.4872
 53.0204 79.506
 52.8454 79.5251
 52.7701 79.5294
 52.5002 79.5662
 52.3288 79.5865
 52.1555 79.6077
 51.9819 79.6288
 51.8104 79.6493
 51.6371 79.67
 51.4628 79.6918
 51.2889 79.7131
 51.1181 79.7342
 50.9472 79.7552
 50.7747 79.7763
 50.6019 79.7981
 50.4278 79.8203
 50.2559 79.8419
 50.0853 79.8632
 49.9163 79.8849
 49.7435 79.9069
 49.5715 79.9292
 49.3936 79.9479
 49.2251 79.9693
 49.0551 79.9909
 48.9833 79.9956
 48.8127 80.0173
 48.5453 80.0563
 48.3747 80.079
 48.201 80.0981
 47.9841 80.1288
 47.8581 80.1437
 47.6887 80.1658
 47.5182 80.1887
 47.3508 80.2117
 47.1823 80.2345
 47.0132 80.2571
 46.8446 80.2794
 46.6718 80.3024
 46.5012 80.3255
 46.334 80.3474
 46.1691 80.3699
 46.0009 80.3932
 45.8324 80.4164
 45.6645 80.4394
 45.4966 80.4632
 45.328 80.4864
 45.16 80.5098
 44.99 80.5337
 44.8227 80.5569
 44.6556 80.5803
 44.4889 80.6036
 44.3206 80.6278
 44.1547 80.6515
 43.9885 80.6754
 43.8215 80.6993
 43.6523 80.7238
 43.4848 80.7482
 43.3185 80.7728
 43.1526 80.7972
 42.9891 80.8212
 42.8218 80.8465
 42.6545 80.872
 42.4857 80.8975
 42.3216 80.9218
 42.2007 80.931
 42.0783 80.9395
 41.9566 80.9486
 41.8318 80.9587
 41.7022 80.9699
 41.5696 80.9833
 41.4374 80.9968
 41.3001 81.0123
 41.1687 81.0268
 41.0297 81.0429
 40.8872 81.0615
 40.7487 81.0778
 40.6088 81.0955
 40.4679 81.1128
 40.326 81.1327
 40.1817 81.1532
 40.0395 81.1719
 39.8976 81.1922
 39.7525 81.2136
 39.6051 81.2359
 39.4589 81.2581
 39.3129 81.2806
 39.1725 81.3033
 39.0279 81.3272
 38.8765 81.3509
 38.7288 81.3751
 38.5789 81.4002
 38.4276 81.4259
 38.2688 81.4584
 38.1143 81.5065
 37.9668 81.5317
 37.8226 81.5566
 37.6733 81.583
 37.5214 81.6101
 37.371 81.6367
 37.222 81.6637
 37.0691 81.6918
 36.9162 81.7197
 36.7609 81.748
 36.707 81.7528
 36.5584 81.7786
 36.408 81.8066
 36.2565 81.8355
 36.1024 81.8647
 35.9506 81.8943
 35.8025 81.9249
 35.647 81.9557
 35.4929 81.9859
 35.3393 82.0164
 35.1898 82.046
 35.0399 82.0761
 34.8886 82.1076
 34.7329 82.1397
 34.581 82.171
 34.4298 82.2023
 34.2754 82.2345
 34.1208 82.2669
 33.9679 82.2989
 33.8166 82.3307
 33.6664 82.3623
 33.5146 82.3944
 33.359 82.4284
 33.1981 82.4496
 33.0452 82.4831
 32.8932 82.5158
 32.7395 82.5491
 32.5831 82.5836
 32.4299 82.618
 32.2774 82.6523
 32.1188 82.6898
 31.9651 82.7254
 31.8123 82.76
 31.6577 82.7973
 31.5054 82.8312
 31.3501 82.8662
 31.195 82.9023
 31.041 82.938
 30.8888 82.9736
 30.735 83.0095
 30.5798 83.0454
 30.4513 83.0763
 30.3648 83.0973
 30.3206 83.1086
 30.3139 83.1113
 30.3468 83.1049
 30.393 83.0953
 30.439 83.0857
 30.4801 83.0773
 30.5214 83.0688
 30.5618 83.0606
 30.6017 83.0525
 30.6424 83.0442
 30.6822 83.0361
 30.7219 83.028
 30.7631 83.0195
 30.8038 83.0112
 30.8442 83.003
 30.8849 82.9946
 30.9255 82.9864
 30.9654 82.9782
 31.0057 82.97
 31.046 82.9617
 31.0864 82.9534
 31.1266 82.9452
 31.1665 82.9371
 31.2067 82.9289
 31.2469 82.9206
 31.287 82.9124
 31.3267 82.9043
 31.3666 82.8962
 31.4067 82.888
 31.4464 82.8799
 31.4863 82.8717
 31.5262 82.8635
 31.5663 82.8553
 31.6059 82.8472
 31.6458 82.8391
 31.6319 82.8444
 31.5339 82.8709
 31.3707 82.9138
 31.1692 82.9665
 30.9372 83.0273
 30.7334 83.0813
 30.5779 83.1236
 30.4476 83.1598
 30.3054 83.1993
 30.15 83.2423
 29.981 83.2897
 29.8136 83.3363
 29.6546 83.3808
 29.5097 83.4219
 29.3623 83.4638
 29.2094 83.507
 29.054 83.5513
 28.8972 83.5963
 28.7373 83.6417
 28.578 83.6879
 28.4287 83.7314
 28.2785 83.7749
 28.1274 83.8189
 27.9729 83.8643
 27.9118 83.8841
 27.7575 83.9294
 27.6031 83.9744
 27.4519 84.0195
 27.2969 84.0659
 27.142 84.1116
 26.9896 84.1573
 26.8641 84.1961
 26.7764 84.2249
 26.7285 84.2427
 26.7228 84.2497
 26.7533 84.2466
 26.796 84.2403
 26.8384 84.2341
 26.8779 84.2288
 26.9156 84.2238
 26.9538 84.2189
 26.9925 84.2137
 27.031 84.2086
 27.07 84.2034
 27.1088 84.1982
 27.1472 84.1931
 27.1857 84.1879
 27.224 84.1828
 27.2625 84.1777
 27.3007 84.1726
 27.3394 84.1674
 27.3773 84.1624
 27.4154 84.1573
 27.454 84.1522
 27.4923 84.147
 27.5302 84.142
 27.5682 84.1369
 27.6065 84.1318
 27.6444 84.1268
 27.6825 84.1217
 27.72 84.1167
 27.7577 84.1116
 27.7954 84.1066
 27.8333 84.1016
 27.8711 84.0965
 27.9093 84.0914
 27.9472 84.0864
 27.9851 84.0813
 28.0224 84.0763
 28.0601 84.0713
 28.0982 84.0662
 28.1359 84.0612
 28.1734 84.0562
 28.2106 84.0513
 28.2476 84.0463
 28.2847 84.0414
 28.3224 84.0363
 28.3594 84.0314
 28.3962 84.0265
 28.4331 84.0216
 28.4699 84.0167
 28.5067 84.0118
 28.5434 84.0069
 28.5802 84.002
 28.6167 83.9971
 28.653 83.9922
 28.6894 83.9874
 28.7258 83.9825
 28.7625 83.9776
 28.7989 83.9728
 28.8357 83.9679
 28.8722 83.963
 28.9086 83.9581
 28.9445 83.9534
 28.9806 83.9485
 29.0167 83.9437
 29.0528 83.9389
 29.0888 83.9341
 29.1245 83.9294
 29.1608 83.9245
 29.1967 83.9197
 29.2325 83.915
 29.2687 83.9101
 29.3041 83.9054
 29.3396 83.9007
 29.3749 83.896
 29.41 83.8913
 29.4454 83.8866
 29.4806 83.8819
 29.5165 83.8771
 29.5491 83.8731
 29.5837 83.8687
 29.6228 83.8633
 29.6594 83.8583
 29.693 83.854
 29.7258 83.8496
 29.7632 83.8447
 29.7972 83.8403
 29.8297 83.836
 29.8624 83.8317
 29.8968 83.8271
 29.9274 83.8232
 29.9615 83.8188
 30.0002 83.8136
 30.0384 83.8084
 30.0774 83.8031
 30.1085 83.7989
 30.1403 83.7946
 30.1737 83.7902
 30.2069 83.7857
 30.2387 83.7814
 30.2739 83.7769
 30.3059 83.7726
 30.3382 83.7683
 30.3694 83.7639
 30.4027 83.7593
 30.4361 83.7551
 30.4722 83.751
 30.5024 83.7472
 30.5313 83.7432
 30.5619 83.7387
 30.5945 83.7341
 30.628 83.7296
 30.6574 83.7259
 30.6881 83.7221
 30.7184 83.7182
 30.7491 83.7141
 30.777 83.7097
 30.8063 83.7058
 30.8364 83.7022
 30.8631 83.6986
 30.8896 83.6951
 30.9198 83.6911
 30.9479 83.6863
 30.978 83.682
 31.0081 83.6788
 31.0404 83.6742
 31.0725 83.6693
 31.1089 83.6654
 31.1452 83.6606
 31.1807 83.6555
 31.2152 83.6509
 31.2488 83.6464
 31.2809 83.6421
 31.3147 83.638
 31.3506 83.6329
 31.3877 83.6279
 31.4223 83.6237
 31.4537 83.6191
 31.4862 83.6148
 31.5201 83.6102
 31.5545 83.6052
 31.5905 83.6009
 31.6274 83.5973
 31.6585 83.5927
 31.6897 83.589
 31.7241 83.5853
 31.7582 83.5803
 31.7932 83.5756
 31.8262 83.5712
 31.8578 83.567
 31.8881 83.563
 31.919 83.5588
 31.9499 83.5536
 31.9822 83.5483
 32.0155 83.5449
 32.0483 83.5416
 32.0765 83.5373
 32.09 83.5355
 32.102 83.5339
 32.1155 83.5315
 32.1295 83.5297
 32.1427 83.5285
 32.1526 83.5266
 32.1621 83.5241
 32.1728 83.522
 32.1843 83.5196
 32.1952 83.5175
 32.2062 83.5154
 32.2189 83.5163
 32.2307 83.5167
 32.2402 83.5161
 32.2483 83.5143
 32.2573 83.5124
 32.2656 83.5107
 32.273 83.509
 32.2807 83.5087
 32.2879 83.5084
 32.2951 83.5081
 32.2991 83.5055
 32.3039 83.5045
 32.3105 83.5068
 32.3178 83.5094
 32.3242 83.5108
 32.3276 83.5096
 32.3295 83.5064
 32.3305 83.5032
 32.3332 83.5021
 32.3375 83.5046
 32.3429 83.5084
 32.3454 83.5097
 32.3451 83.5074
 32.3442 83.5052
 32.3443 83.5044
 32.3459 83.5061
 32.3487 83.5097
 32.3501 83.5119
 32.349 83.5112
 32.3474 83.5098
 32.3428 83.5044
 32.3397 83.5016
 32.3385 83.5026
 32.3377 83.5043
 32.3361 83.5045
 32.3347 83.5047
 32.3324 83.505
 32.331 83.5052
 32.3297 83.5054
 32.3283 83.5056
 32.3266 83.5058
 32.3248 83.5061
 32.3236 83.5062
 32.3225 83.5064
 32.3211 83.5065
 32.3201 83.5067
 32.3194 83.5068
 32.3182 83.5069
 32.3172 83.5071
 32.3162 83.5072
 32.3155 83.5073
 32.3148 83.5074
 32.314 83.5075
 32.3132 83.5076
 32.3127 83.5077
 32.3117 83.5078
 32.3113 83.5079
 32.311 83.5079
 32.3104 83.508
 32.3095 83.5081
 32.3094 83.5081
 32.3089 83.5082
 32.3084 83.5083
 32.3083 83.5083
 32.3065 83.5061
 32.3043 83.5056
 32.3036 83.5057
 32.3032 83.5057
 32.3021 83.5059
 32.3021 83.5083
 32.3016 83.5101
 32.3002 83.5111
 32.3001 83.5144
 32.2997 83.517
 32.2981 83.518
 32.2961 83.52
 32.2916 83.5189
 32.2874 83.5161
 32.2828 83.5125
 32.2787 83.5114
 32.2752 83.5118
 32.2719 83.5123
 32.2689 83.5127
 32.2654 83.5132
 32.2622 83.5136
 32.2591 83.514
 32.2562 83.5144
 32.2531 83.5148
 32.2501 83.5152
 32.2472 83.5156
 32.2443 83.516
 32.2414 83.5164
 32.2385 83.5168
 32.2355 83.5172
 32.2328 83.5175
 32.2299 83.5179
 32.2271 83.5183
 32.2246 83.5186
 32.2221 83.519
 32.2194 83.5193
 32.2169 83.5197
 32.2146 83.52
 32.2122 83.5203
 32.2099 83.5206
 32.2075 83.5209
 32.205 83.5213
 32.2027 83.5216
 32.2004 83.5219
 32.1981 83.5222
 32.1956 83.5225
 32.1935 83.5228
 32.1915 83.5231
 32.1893 83.5234
 32.1874 83.5236
 32.1853 83.5239
 32.1833 83.5242
 32.1811 83.5245
 32.1793 83.5247
 32.1772 83.525
 32.1754 83.5252
 32.1736 83.5255
 32.1716 83.5257
 32.1697 83.526
 32.1679 83.5262
 32.1664 83.5265
 32.1646 83.5267
 32.1629 83.5269
 32.1611 83.5272
 32.1595 83.5274
 32.1581 83.5276
 32.1566 83.5278
 32.1552 83.528
 32.1537 83.5282
 32.1522 83.5284
 32.1507 83.5285
 32.1495 83.5287
 32.1479 83.5289
 32.1465 83.5291
 32.1448 83.5293
 32.1435 83.5295
 32.1427 83.5296
 32.1422 83.5297
 32.1419 83.5297
 32.1413 83.5298
 32.1404 83.5299
 32.1395 83.5301
 32.1391 83.5301
 32.1388 83.5302
 32.1386 83.5302
 32.1384 83.5302
 32.1379 83.5303
 32.1378 83.5303
 32.1374 83.5303
 32.1369 83.5304
 32.1367 83.5305
 32.1363 83.5305
 32.1361 83.5305
 32.1361 83.5305
 32.136 83.5306
 32.1359 83.5306
 32.1355 83.5306
 32.1353 83.5306
 32.1354 83.5306
 32.1355 83.5306
 32.1354 83.5306
 32.1351 83.5307
 32.135 83.5307
 32.135 83.5307
 32.1349 83.5307
 32.1349 83.5307
 32.1352 83.5307
 32.1352 83.5307
 32.1354 83.5307
 32.1356 83.5306
 32.1358 83.5306
 32.136 83.5306
 32.1361 83.5306
 32.1363 83.5305
 32.1367 83.5305
 32.1368 83.5305
 32.1369 83.5305
 32.1369 83.5305
 32.1369 83.5305
 32.1369 83.5305
 32.1373 83.5304
 32.1371 83.5288
 32.1107 83.4278
 32.0577 83.2608
 32.0157 83.1536
 31.8837 82.7782
 31.7904 82.5041
 31.7245 82.3048
 31.6684 82.1348
 31.6093 81.9578
 31.5727 81.8607
 31.502 81.6611
 31.4297 81.4555
 31.3608 81.255
 31.297 81.0707
 31.2352 80.8894
 31.1725 80.71
 31.1069 80.5216
 31.0393 80.3276
 30.9711 80.1299
 30.9053 79.9389
 30.8408 79.7529
 30.7758 79.5671
 30.7095 79.3791
 30.6436 79.1906
 30.5786 79.0026
 30.5126 78.8134
 30.4464 78.6252
 30.3805 78.437
 30.3138 78.2472
 30.2481 78.0595
 30.1823 77.8705
 30.1164 77.6812
 30.0496 77.4905
 29.9838 77.3022
 29.9181 77.1129
 29.8521 76.9237
 29.8162 76.8278
 29.7186 76.5411
 29.6523 76.3516
 29.5873 76.1639
 29.5218 75.9745
 29.4569 75.7861
 29.3913 75.5986
 29.3263 75.4095
 29.26 75.2193
 29.1946 75.0299
 29.129 74.8399
 29.0623 74.6505
 28.9966 74.461
 28.9297 74.2699
 28.8639 74.0802
 28.7973 73.8903
 28.7296 73.6877
 28.6633 73.4998
 28.5959 73.3094
 28.5297 73.1212
 28.494 73.0269
 28.3963 72.7428
 28.3599 72.6483
 28.2925 72.4582
 28.1948 72.1768
 28.1286 71.9899
 28.0922 71.8954
 28.0243 71.7044
 27.9255 71.418
 27.8574 71.2266
 27.8211 71.1332
 27.7543 70.9455
 27.6866 70.7548
 27.6197 70.567
 27.5526 70.3796
 27.4845 70.1904
 27.4168 69.9999
 27.349 69.8111
 27.2794 69.6204
 27.2105 69.4296
 27.1436 69.2427
 27.0746 69.0539
 27.0057 68.8632
 26.938 68.6758
 26.8699 68.4889
 26.8012 68.3001
 26.7633 68.204
 26.7259 68.11
 26.6586 67.9215
 26.5905 67.734
 26.5222 67.5446
 26.4541 67.3533
 26.3867 67.1635
 26.3181 66.9707
 26.2509 66.7821
 26.1828 66.5937
 26.114 66.4026
 26.0462 66.214
 25.9791 66.0256
 25.9116 65.8377
 25.8423 65.6479
 25.7743 65.4571
 25.7071 65.2648
 25.638 65.0759
 25.5704 64.8876
 25.5004 64.6997
 25.4306 64.5109
 25.3612 64.322
 25.2914 64.1351
 25.2209 63.9448
 25.1506 63.7502
 25.0823 63.5606
 25.0148 63.3717
 24.9473 63.1818
 24.8794 62.9929
 24.8095 62.8021
 24.7422 62.6124
 24.6729 62.425
 24.604 62.2349
 24.5374 62.0441
 24.4688 61.8557
 24.4025 61.6687
 24.3348 61.4809
 24.2675 61.2912
 24.198 61.1022
 24.1311 60.9125
 24.0639 60.725
 23.9956 60.5355
 23.9287 60.3473
 23.8619 60.1604
 23.7948 59.9725
 23.7269 59.7813
 23.6273 59.4942
 23.5577 59.3072
 23.488 59.1172
 23.4213 58.9296
 23.3538 58.7414
 23.2853 58.5512
 23.218 58.3619
 23.1514 58.1741
 23.0837 57.9853
 23.016 57.7945
 22.9481 57.606
 22.8805 57.4167
 22.8183 57.2277
 22.7502 57.0384
 22.6817 56.8494
 22.6148 56.6621
 22.5492 56.4764
 22.482 56.2859
 22.4118 56.093
 22.3413 55.8981
 22.2753 55.7061
 22.2087 55.519
 22.1424 55.3299
 22.0733 55.1404
 22.0054 54.9516
 21.9374 54.7606
 21.8695 54.571
 21.8015 54.381
 21.7326 54.19
 21.6624 53.995
 21.5946 53.8052
 21.5256 53.6141
 21.4566 53.4231
 21.4182 53.328
 21.3492 53.1371
 21.2806 52.9476
 21.2121 52.7585
 21.1452 52.5713
 21.0777 52.3822
 21.0107 52.1921
 20.9431 52.0019
 20.8755 51.8089
 20.8038 51.6188
 20.7352 51.4301
 20.6678 51.2424
 20.5959 51.0523
 20.5277 50.8602
 20.4582 50.6691
 20.3895 50.4788
 20.3209 50.2895
 20.2519 50.1002
 20.1828 49.9099
 20.1142 49.7204
 20.0462 49.5318
 19.9769 49.3398
 19.9068 49.1479
 19.8382 48.9584
 19.77 48.7688
 19.7016 48.5801
 19.6322 48.3891
 19.5334 48.1036
 19.4646 47.9133
 19.393 47.7221
 19.325 47.532
 19.2555 47.3405
 19.1862 47.1486
 19.1177 46.9582
 19.0489 46.7686
 18.9796 46.5773
 18.9111 46.3865
 18.8424 46.1957
 18.7739 46.0051
 18.7051 45.8131
 18.6362 45.621
 18.5683 45.4311
 18.5008 45.2428
 18.4334 45.0545
 18.3643 44.8628
 18.2951 44.6702
 18.2275 44.4768
 18.1599 44.2873
 18.0919 44.0993
 18.0237 43.9098
 17.956 43.7183
 17.8886 43.5273
 17.8205 43.3365
 17.752 43.1441
 17.6843 42.9532
 17.6176 42.764
 17.5507 42.5744
 17.4832 42.3838
 17.4156 42.1932
 17.3477 42.0012
 17.2811 41.8111
 17.2144 41.6207
 17.1474 41.4296
 17.0801 41.2386
 17.0133 41.0467
 16.9472 40.8573
 16.8812 40.6694
 16.814 40.4783
 16.747 40.2863
 16.6806 40.0953
 16.6136 39.9033
 16.5464 39.7114
 16.4797 39.5211
 16.4167 39.3313
 16.3462 39.1406
 16.2799 38.9503
 16.2413 38.8533
 16.1744 38.661
 16.1083 38.4697
 16.043 38.2801
 15.9776 38.0904
 15.9113 37.898
 15.8438 37.7053
 15.7798 37.5155
 15.7144 37.3247
 15.6478 37.1307
 15.5809 36.9365
 15.5159 36.745
 15.4507 36.5521
 15.3857 36.3624
 15.3206 36.1726
 15.2553 35.9822
 15.1908 35.7922
 15.1258 35.6012
 15.0607 35.4082
 14.9944 35.2133
 14.928 35.0204
 14.8663 34.8324
 14.8022 34.6412
 14.7371 34.4503
 14.6725 34.2593
 14.6082 34.0677
 14.5443 33.8769
 14.4797 33.6853
 14.4149 33.4925
 14.3502 33.3
 14.2867 33.1098
 14.2226 32.919
 14.1578 32.7275
 14.0925 32.5337
 14.028 32.3419
 13.9638 32.1501
 13.9003 31.9593
 13.8361 31.7666
 13.7723 31.5745
 13.7084 31.3818
 13.6449 31.19
 13.5804 30.9955
 13.5164 30.8033
 13.4536 30.6138
 13.3908 30.4236
 13.3277 30.2331
 13.2643 30.0418
 13.1998 29.8476
 13.135 29.6481
 13.0743 29.4604
 13.0112 29.2679
 12.946 29.0757
 12.8851 28.8874
 12.8227 28.6962
 12.7605 28.5036
 12.692 28.3075
 12.6292 28.115
 12.5668 27.9235
 12.5056 27.7338
 12.4441 27.544
 12.3819 27.3517
 12.3192 27.1586
 12.256 26.9651
 12.1926 26.7711
 12.1306 26.5785
 12.0689 26.3872
 12.0084 26.2007
 11.9446 26.0084
 11.8767 25.8122
 11.785 25.5217
 11.7218 25.3264
 11.6602 25.1361
 11.6004 24.9463
 11.5638 24.7578
 11.4997 24.5634
 11.4402 24.3736
 11.3797 24.1828
 11.3186 23.9908
 11.258 23.7996
 11.1963 23.6065
 11.135 23.4137
 11.0732 23.219
 11.0122 23.0263
 10.9513 22.8336
 10.8917 22.6432
 10.8248 22.447
 10.7612 22.2545
 10.6977 22.061
 10.6364 21.8681
 10.5765 21.6758
 10.5162 21.4839
 10.456 21.2905
 10.3953 21.0971
 10.363 21.0009
 10.3031 20.8087
 10.2435 20.6173
 10.1839 20.4259
 10.1246 20.2351
 10.0645 20.0414
 10.0052 19.8494
 9.94594 19.6565
 9.88622 19.4636
 9.82675 19.2717
 9.76817 19.0799
 9.70961 18.8873
 9.65022 18.6945
 9.59175 18.502
 9.53323 18.3095
 9.47476 18.1182
 9.41538 17.926
 9.35603 17.7324
 9.29597 17.5376
 9.23728 17.3451
 9.17898 17.1545
 9.12107 16.9646
 9.06256 16.7731
 9.00313 16.577
 8.94407 16.3835
 8.88529 16.1913
 8.82659 15.9991
 8.76728 15.8059
 8.73539 15.7086
 8.67618 15.5135
 8.64525 15.4161
 8.58542 15.2212
 8.52674 15.0274
 8.46737 14.8352
 8.40946 14.6441
 8.35193 14.4529
 8.29262 14.2588
 8.23283 14.0631
 8.17399 13.8695
 8.11611 13.6778
 8.05831 13.4868
 7.99938 13.2932
 7.94083 13.0997
 7.88211 12.905
 7.82379 12.7102
 7.765 12.5153
 7.71489 12.3502
 7.68128 12.244
 7.67063 12.2198
 7.65961 12.1924
 7.65357 12.1833
 7.65067 12.1856
 7.64774 12.1871
 7.64414 12.1866
 7.63997 12.184
 7.6361 12.1823
 7.63215 12.1805
 7.62847 12.1796
 7.62461 12.1778
 7.62078 12.1761
 7.61692 12.1744
 7.61309 12.1727
 7.6093 12.171
 7.60552 12.1693
 7.60176 12.1676
 7.59802 12.1659
 7.59431 12.1643
 7.59061 12.1626
 7.5869 12.1609
 7.58324 12.1593
 7.57957 12.1577
 7.57591 12.156
 7.57228 12.1544
 7.56869 12.1528
 7.56509 12.1512
 7.56145 12.1495
 7.55784 12.1479
 7.55427 12.1463
 7.55072 12.1447
 7.54722 12.1432
 7.54373 12.1416
 7.5402 12.14
 7.53672 12.1384
 7.53324 12.1369
 7.52975 12.1353
 7.52606 12.1329
 7.52396 12.1363
 7.5196 12.1301
 7.5152 12.1245
 7.5131 12.1242
 7.51077 12.1239
 7.50673 12.117
 7.50481 12.1198
 7.50247 12.1218
 7.49921 12.1195
 7.49711 12.1201
 7.49576 12.1226
 7.49348 12.1231
 7.49053 12.1218
 7.48698 12.1186
 7.48378 12.1148
 7.48156 12.113
 7.47982 12.113
 7.47749 12.1136
 7.47473 12.1132
 7.47188 12.1111
 7.46921 12.1074
 7.46734 12.1074
 7.46556 12.1066
 7.46346 12.1057
 7.46101 12.1046
 7.45842 12.1034
 7.45606 12.0964
 7.45421 12.093
 7.45245 12.093
 7.45032 12.0934
 7.44809 12.0915
 7.44575 12.0922
 7.44369 12.0904
 7.44209 12.0888
 7.44042 12.0889
 7.4387 12.0873
 7.43676 12.0855
 7.43459 12.0845
 7.43271 12.0828
 7.43134 12.0804
 7.42961 12.0814
 7.42798 12.0816
 7.42602 12.0816
 7.42435 12.079
 7.42248 12.0782
 7.4207 12.0783
 7.41881 12.0802
 7.4175 12.0796
 7.41611 12.0772
 7.41473 12.0738
 7.41317 12.0721
 7.41185 12.0706
 7.4099 12.0711
 7.40805 12.0722
 7.40627 12.0723
 7.40458 12.0706
 7.40323 12.0681
 7.40165 12.0674
 7.39848 12.0707
 7.3965 12.0716
 7.39582 12.0695
 7.3958 12.0648
 7.39438 12.0632
 7.39327 12.0618
 7.39075 12.0635
 7.38877 12.0644
 7.38735 12.0643
 7.38647 12.0629
 7.38624 12.06
 7.38589 12.0571
 7.38487 12.0557
 7.38195 12.0581
 7.37836 12.062
 7.37678 12.0623
 7.37743 12.0589
 7.37853 12.0547
 7.37822 12.0528
 7.37665 12.053
 7.3734 12.0561
 7.37108 12.0578
 7.37108 12.056
 7.37263 12.0521
 7.37214 12.051
 7.37129 12.0506
 7.36844 12.0529
 7.36739 12.0533
 7.36659 12.0535
 7.36651 12.0526
 7.36918 12.0484
 7.36963 12.0469
 7.36982 12.0461
 7.36947 12.0459
 7.36911 12.0457
 7.36864 12.0455
 7.36996 12.0435
 7.37003 12.0427
 7.3678 12.0443
 7.36493 12.0464
 7.36276 12.0479
 7.36313 12.0473
 7.36608 12.0444
 7.36439 12.0453
 7.36378 12.0455
 7.36293 12.0459
 7.3587 12.0489
 7.35849 12.0488
 7.3603 12.0472
 7.36418 12.0441
 7.36187 12.0455
 7.35886 12.0473
 7.3544 12.0499
 7.35426 12.0499
 7.35914 12.0467
 7.3633 12.044
 7.36242 12.0443
 7.35781 12.0468
 7.3555 12.048
 7.354 12.0488
 7.35847 12.0464
 7.36296 12.0441
 7.36401 12.0435
 7.36244 12.0442
 7.35531 12.0472
 7.3473 12.0505
 7.34399 12.0518
 7.3446 12.0514
 7.34435 12.0512
 7.34489 12.0508
 7.34384 12.051
 7.34361 12.0509
 7.3434 12.0508
 7.34316 12.0507
 7.34293 12.0506
 7.34348 12.0502
 7.34326 12.0501
 7.34303 12.05
 7.34359 12.0495
 7.34334 12.0494
 7.34312 12.0493
 7.34287 12.0492
 7.34263 12.0491
 7.34241 12.049
 7.34216 12.0489
 7.34191 12.0488
 7.34166 12.0487
 7.34141 12.0485
 7.34118 12.0484
 7.34095 12.0483
 7.3407 12.0482
 7.34044 12.0481
 7.34022 12.048
 7.34 12.0479
 7.33977 12.0478
 7.33954 12.0477
 7.33931 12.0476
 7.33909 12.0475
 7.33884 12.0474
 7.33864 12.0473
 7.33838 12.0472
 7.33815 12.0471
 7.33793 12.047
 7.33768 12.0468
 7.33746 12.0467
 7.33722 12.0466
 7.33698 12.0465
 7.33675 12.0464
 7.3365 12.0463
 7.33625 12.0462
 7.33599 12.0461
 7.33573 12.0459
 7.33548 12.0458
 7.33521 12.0457
 7.33499 12.0456
 7.33475 12.0455
 7.33453 12.0454
 7.3343 12.0453
 7.33409 12.0452
 7.33384 12.0451
 7.33359 12.045
 7.33334 12.0449
 7.33309 12.0447
 7.33288 12.0447
 7.33263 12.0445
 7.33237 12.0444
 7.33215 12.0443
 7.33192 12.0442
 7.33168 12.0441
 7.33145 12.044
 7.3312 12.0439
 7.33096 12.0438
 7.33071 12.0437
 7.33045 12.0435
 7.33021 12.0434
 7.32997 12.0433
 7.32972 12.0432
 7.32948 12.0431
 7.32925 12.043
 7.32898 12.0429
 7.32875 12.0428
 7.32852 12.0427
 7.32828 12.0426
 7.32799 12.0424
 7.32776 12.0423
 7.32749 12.0422
 7.32719 12.0421
 7.32693 12.0419
 7.32666 12.0418
 7.32644 12.0417
 7.32618 12.0416
 7.32593 12.0415
 7.3257 12.0414
 7.32548 12.0413
 7.32525 12.0412
 7.32501 12.0411
 7.32478 12.041
 7.3245 12.0408
 7.32425 12.0407
 7.32398 12.0406
 7.32373 12.0405
 7.32348 12.0404
 7.32322 12.0403
 7.32296 12.0401
 7.32268 12.04
 7.32244 12.0399
 7.3222 12.0398
 7.32195 12.0397
 7.3217 12.0396
 7.32147 12.0395
 7.32118 12.0393
 7.32094 12.0392
 7.32065 12.0391
 7.32039 12.039
 7.32016 12.0389
 7.31991 12.0387
 7.31964 12.0386
 7.31938 12.0385
 7.31915 12.0384
 7.31888 12.0383
 7.31865 12.0382
 7.31838 12.0381
 7.31813 12.0379
 7.31786 12.0378
 7.31761 12.0377
 7.31737 12.0376
 7.31711 12.0375
 7.31687 12.0374
 7.31662 12.0373
 7.31637 12.0371
 7.31612 12.037
 7.31585 12.0369
 7.31563 12.0368
 7.31538 12.0367
 7.31514 12.0366
 7.31488 12.0365
 7.31465 12.0364
 7.31437 12.0362
 7.31354 12.0359
 7.31257 12.0354
 7.31244 12.0354
 7.31217 12.0352
 7.31196 12.0351
 7.3117 12.035
 7.3114 12.0349
 7.31111 12.0348
 7.31083 12.0346
 7.31053 12.0345
 7.31019 12.0343
 7.30987 12.0342
 7.30954 12.034
 7.30921 12.0339
 7.30892 12.0338
 7.30861 12.0336
 7.30828 12.0335
 7.30796 12.0333
 7.30766 12.0332
 7.30732 12.033
 7.30698 12.0329
 7.30666 12.0327
 7.30634 12.0326
 7.30603 12.0324
 7.30572 12.0323
 7.30537 12.0322
 7.30504 12.032
 7.30471 12.0319
 7.30439 12.0317
 7.30405 12.0316
 7.30373 12.0314
 7.30341 12.0313
 7.3031 12.0311
 7.30277 12.031
 7.30247 12.0308
 7.30215 12.0307
 7.30185 12.0306
 7.30154 12.0304
 7.30122 12.0303
 7.3009 12.0301
 7.30058 12.03
 7.30024 12.0298
 7.29991 12.0297
 7.2996 12.0295
 7.29926 12.0294
 7.29894 12.0292
 7.2986 12.0291
 7.29828 12.0289
 7.29797 12.0288
 7.29767 12.0287
 7.29737 12.0285
 7.29709 12.0284
 7.29676 12.0282
 7.29643 12.0281
 7.29613 12.028
 7.29582 12.0278
 7.2955 12.0277
 7.29519 12.0275
 7.29487 12.0274
 7.29453 12.0272
 7.29422 12.0271
 7.29389 12.0269
 7.29358 12.0268
 7.29327 12.0267
 7.29294 12.0265
 7.29264 12.0264
 7.29233 12.0262
 7.29204 12.0261
 7.29174 12.026
 7.29143 12.0258
 7.29112 12.0257
 7.29079 12.0255
 7.29049 12.0254
 7.29018 12.0253
 7.28985 12.0251
 7.28953 12.025
 7.28922 12.0248
 7.28892 12.0247
 7.28859 12.0245
 7.28826 12.0244
 7.28793 12.0242
 7.28762 12.0241
 7.2873 12.024
 7.28698 12.0238
 7.28666 12.0237
 7.28634 12.0235
 7.28604 12.0234
 7.28573 12.0232
 7.28541 12.0231
 7.2851 12.023
 7.28478 12.0228
 7.28446 12.0227
 7.28414 12.0225
 7.2838 12.0224
 7.28351 12.0222
 7.28318 12.0221
 7.28287 12.022
 7.28256 12.0218
 7.28225 12.0217
 7.28194 12.0215
 7.28162 12.0214
 7.2813 12.0212
 7.28099 12.0211
 7.28067 12.021
 7.28038 12.0208
 7.28005 12.0207
 7.27972 12.0205
 7.2794 12.0204
 7.27909 12.0202
 7.27875 12.0201
 7.27845 12.02
 7.27816 12.0198
 7.27784 12.0197
 7.27753 12.0195
 7.27724 12.0194
 7.27695 12.0193
 7.27665 12.0191
 7.27634 12.019
 7.27601 12.0188
 7.27568 12.0187
 7.27538 12.0186
 7.27503 12.0184
 7.27473 12.0183
 7.27446 12.0181
 7.27413 12.018
 7.27381 12.0179
 7.2735 12.0177
 7.27317 12.0176
 7.27286 12.0174
 7.27255 12.0173
 7.27222 12.0171
 7.2719 12.017
 7.2716 12.0169
 7.2713 12.0167
 7.27099 12.0166
 7.27068 12.0164
 7.27039 12.0163
 7.27007 12.0162
 7.26977 12.016
 7.26946 12.0159
 7.26913 12.0157
 7.2688 12.0156
 7.26851 12.0154
 7.26819 12.0153
 7.26788 12.0152
 7.26756 12.015
 7.26724 12.0149
 7.26693 12.0147
 7.26662 12.0146
 7.26631 12.0145
 7.26598 12.0143
 7.26564 12.0142
 7.26532 12.014
 7.26501 12.0139
 7.26472 12.0137
 7.2644 12.0136
 7.26408 12.0134
 7.26377 12.0133
 7.26346 12.0132
 7.26319 12.013
 7.2629 12.0129
 7.26262 12.0128
 7.2623 12.0126
 7.262 12.0125
 7.2617 12.0124
 7.26138 12.0122
 7.26107 12.0121
 7.26075 12.0119
 7.26041 12.0118
 7.26013 12.0117
 7.25981 12.0115
 7.25951 12.0114
 7.25923 12.0112
 7.25889 12.0111
 7.25862 12.011
 7.25832 12.0108
 7.258 12.0107
 7.25772 12.0106
 7.25741 12.0104
 7.25709 12.0103
 7.2568 12.0101
 7.25646 12.01
 7.25613 12.0098
 7.25581 12.0097
 7.2555 12.0096
 7.25519 12.0094
 7.25486 12.0093
 7.25454 12.0091
 7.25423 12.009
 7.25392 12.0088
 7.25359 12.0087
 7.25328 12.0086
 7.25299 12.0084
 7.25268 12.0083
 7.25236 12.0081
 7.25203 12.008
 7.25172 12.0078
 7.2514 12.0077
 7.2511 12.0076
 7.25076 12.0074
 7.25043 12.0073
 7.25011 12.0071
 7.24982 12.007
 7.2495 12.0068
 7.24917 12.0067
 7.24886 12.0066
 7.24854 12.0064
 7.24824 12.0063
 7.24794 12.0061
 7.24764 12.006
 7.24729 12.0058
 7.24697 12.0057
 7.24667 12.0056
 7.24637 12.0054
 7.24607 12.0053
 7.24575 12.0051
 7.24546 12.005
 7.24515 12.0049
 7.24484 12.0047
 7.24453 12.0046
 7.2442 12.0044
 7.24387 12.0043
 7.24357 12.0042
 7.24329 12.004
 7.24297 12.0039
 7.24268 12.0038
 7.24235 12.0036
 7.24202 12.0035
 7.24172 12.0033
 7.24141 12.0032
 7.24108 12.003
 7.24076 12.0029
 7.24045 12.0027
 7.24013 12.0026
 7.23982 12.0025
 7.23952 12.0023
 7.23924 12.0022
 7.23892 12.0021
 7.23861 12.0019
 7.23827 12.0018
 7.23796 12.0016
 7.23765 12.0015
 7.23733 12.0013
 7.23705 12.0012
 7.23675 12.0011
 7.23643 12.0009
 7.23612 12.0008
 7.23581 12.0006
 7.2355 12.0005
 7.2352 12.0004
 7.23489 12.0002
 7.23458 12.0001
 7.23427 12
 7.23394 11.9998
 7.23364 11.9997
 7.23334 11.9995
 7.23303 11.9994
 7.23272 11.9993
 7.23241 11.9991
 7.23209 11.999
 7.2318 11.9988
 7.2315 11.9987
 7.23118 11.9986
 7.23087 11.9984
 7.23055 11.9983
 7.23025 11.9981
 7.22994 11.998
 7.22963 11.9979
 7.2293 11.9977
 7.22903 11.9976
 7.22872 11.9974
 7.22841 11.9973
 7.22809 11.9972
 7.2278 11.997
 7.22749 11.9969
 7.22718 11.9967
 7.22687 11.9966
 7.22659 11.9965
 7.22631 11.9964
 7.22601 11.9962
 7.2257 11.9961
 7.2254 11.9959
 7.2251 11.9958
 7.22479 11.9957
 7.22449 11.9955
 7.22419 11.9954
 7.22385 11.9952
 7.22353 11.9951
 7.22322 11.995
 7.22291 11.9948
 7.22258 11.9947
 7.22227 11.9945
 7.22198 11.9944
 7.22165 11.9942
 7.22134 11.9941
 7.22104 11.994
 7.22072 11.9938
 7.2204 11.9937
 7.22009 11.9935
 7.21976 11.9934
 7.21945 11.9932
 7.21913 11.9931
 7.2188 11.993
 7.2185 11.9928
 7.21818 11.9927
 7.21786 11.9925
 7.21755 11.9924
 7.21722 11.9922
 7.21691 11.9921
 7.21662 11.992
 7.21632 11.9918
 7.21601 11.9917
 7.2157 11.9915
 7.21537 11.9914
 7.21508 11.9913
 7.21476 11.9911
 7.21445 11.991
 7.21413 11.9908
 7.21382 11.9907
 7.2135 11.9906
 7.21319 11.9904
 7.21288 11.9903
 7.21256 11.9901
 7.21224 11.99
 7.21192 11.9898
 7.21164 11.9897
 7.21134 11.9896
 7.21102 11.9894
 7.21071 11.9893
 7.21041 11.9892
 7.21008 11.989
 7.20979 11.9889
 7.20948 11.9887
 7.20917 11.9886
 7.20884 11.9884
 7.20853 11.9883
 7.20823 11.9882
 7.20791 11.988
 7.20761 11.9879
 7.2073 11.9878
 7.20701 11.9876
 7.20672 11.9875
 7.20641 11.9873
 7.2061 11.9872
 7.20581 11.9871
 7.20552 11.9869
 7.20522 11.9868
 7.20492 11.9867
 7.20461 11.9865
 7.2043 11.9864
 7.204 11.9863
 7.2037 11.9861
 7.20339 11.986
 7.20306 11.9858
 7.20276 11.9857
 7.20245 11.9856
 7.20212 11.9854
 7.20181 11.9853
 7.2015 11.9851
 7.20117 11.985
 7.20087 11.9848
 7.20056 11.9847
 7.20026 11.9846
 7.19996 11.9844
 7.19966 11.9843
 7.19935 11.9842
 7.19904 11.984
 7.19874 11.9839
 7.19844 11.9837
 7.19815 11.9836
 7.19783 11.9835
 7.19754 11.9833
 7.19724 11.9832
 7.19693 11.9831
 7.19664 11.9829
 7.19634 11.9828
 7.19602 11.9826
 7.19569 11.9825
 7.19538 11.9824
 7.19504 11.9822
 7.19474 11.9821
 7.19444 11.9819
 7.19414 11.9818
 7.19383 11.9817
 7.19354 11.9815
 7.19323 11.9814
 7.19291 11.9812
 7.1926 11.9811
 7.19229 11.981
 7.19198 11.9808
 7.19168 11.9807
 7.19138 11.9806
 7.19109 11.9804
 7.19078 11.9803
 7.19048 11.9801
 7.19016 11.98
 7.18985 11.9799
 7.18954 11.9797
 7.18922 11.9796
 7.18891 11.9794
 7.18861 11.9793
 7.18832 11.9792
 7.18801 11.979
 7.18771 11.9789
 7.18742 11.9788
 7.18712 11.9786
 7.18679 11.9785
 7.18649 11.9783
 7.18618 11.9782
 7.18588 11.9781
 7.18558 11.9779
 7.18529 11.9778
 7.18499 11.9777
 7.18469 11.9775
 7.18437 11.9774
 7.18408 11.9772
 7.18378 11.9771
 7.18344 11.977
 7.18314 11.9768
 7.18285 11.9767
 7.18257 11.9766
 7.18227 11.9764
 7.18198 11.9763
 7.18167 11.9762
 7.18135 11.976
 7.18105 11.9759
 7.18075 11.9757
 7.18043 11.9756
 7.18011 11.9755
 7.17981 11.9753
 7.1795 11.9752
 7.17923 11.9751
 7.17892 11.9749
 7.17862 11.9748
 7.17832 11.9746
 7.17801 11.9745
 7.1777 11.9744
 7.17742 11.9742
 7.17711 11.9741
 7.17679 11.974
 7.17649 11.9738
 7.17618 11.9737
 7.17588 11.9735
 7.17557 11.9734
 7.17527 11.9733
 7.17496 11.9731
 7.17466 11.973
 7.17434 11.9728
 7.17404 11.9727
 7.17375 11.9726
 7.17345 11.9724
 7.17315 11.9723
 7.17285 11.9722
 7.17257 11.972
 7.17226 11.9719
 7.17196 11.9718
 7.17163 11.9716
 7.17132 11.9715
 7.17101 11.9713
 7.17071 11.9712
 7.17042 11.9711
 7.17013 11.9709
 7.16982 11.9708
 7.16952 11.9707
 7.16924 11.9705
 7.16894 11.9704
 7.16864 11.9703
 7.16833 11.9701
 7.16802 11.97
 7.16772 11.9699
 7.1674 11.9697
 7.1671 11.9696
 7.16678 11.9694
 7.16649 11.9693
 7.16619 11.9692
 7.16588 11.969
 7.16557 11.9689
 7.16527 11.9687
 7.16493 11.9686
 7.16463 11.9685
 7.16432 11.9683
 7.16401 11.9682
 7.16372 11.968
 7.16343 11.9679
 7.16312 11.9678
 7.16282 11.9676
 7.1625 11.9675
