      2.63093e-316      0     
0    visual_mark_num_    
      2.63093e-316      0     
0    visual_mark_num_    
      1.53526      0.000610865     
      1.53526      0.000610865     
      2.51612      0.000296706     
      3.02787      0.000314159     
      3.49698      0.000855211     
      3.49698      0.000855211     
      3.98741      0.000942478     
      3.98741      0.000942478     
      5.03223      0.000122173     
      5.03223      0.000122173     
      5.05356      0.000296706     
      5.05356      0.000296706     
      5.01091      0.0013439     
      5.01091      0.0013439     
      4.98959      0.00240855     
      4.98959      0.00240855     
      4.96826      0.00287979     
      4.96826      0.00287979     
      4.94694      0.0039619     
      4.94694      0.00439823     
      4.94694      0.00439823     
      4.94694      0.00439823     
      5.01091      0.00523599     
      5.01091      0.00523599     
      4.98959      0.00574213     
      4.98959      0.00574213     
      4.96826      0.00483456     
      4.96826      0.00483456     
      4.98959      0.00472984     
      4.98959      0.00472984     
      4.94694      0.00467748     
      4.94694      0.00467748     
      4.9043      0.00410152     
      4.9043      0.00410152     
      4.94694      0.00315905     
      4.98959      0.00287979     
      5.01091      0.00221657     
      5.05356      0.00174533     
      5.05356      0.00174533     
      5.03223      0.00270526     
      5.03223      0.00270526     
      4.96826      0.00340339     
      4.96826      0.00340339     
      5.05356      0.00462512     
      5.05356      0.00462512     
      5.05356      0.00462512     
      4.98959      0.00326377     
      4.94694      0.00109956     
      4.94694      0.00109956     
      4.94694      0.00109956     
      5.01091      0.00178024     
      5.01091      0.00178024     
      4.96826      0.000541052     
      4.96826      0.000541052     
      4.96826      0.000977384     
      5.01091      0.00015708     
      5.01091      0.00223402     
      5.03223      0.00263545     
      5.03223      0.00263545     
      5.03223      0.00263545     
      5.01091      0.00247837     
      5.01091      0.00247837     
      4.98959      0.00251327     
      4.98959      0.00261799     
      4.98959      0.00261799     
      4.94694      0.00459022     
      4.94694      0.00459022     
      4.9043      0.00507891     
      4.9043      0.00507891     
      4.9043      0.00507891     
      4.94694      0.00408407     
      4.94694      0.00408407     
      4.98959      0.00342085     
      4.98959      0.00342085     
      5.07488      0.00354302     
      5.07488      0.00354302     
      5.07488      0.00326377     
      5.07488      0.00326377     
      5.03223      0.00280998     
      5.03223      0.00280998     
      4.98959      0.00289725     
      4.98959      0.00289725     
      4.94694      0.00286234     
      4.94694      0.00286234     
      4.92562      0.00260054     
      4.92562      0.00260054     
      4.94694      0.00235619     
      4.94694      0.00235619     
      5.01091      0.0020944     
      5.01091      0.0020944     
      4.96826      0.00225147     
      4.96826      0.00225147     
      5.03223      0.00244346     
      5.03223      0.00244346     
      5.01091      0.00263545     
      5.01091      0.00263545     
      4.96826      0.00193732     
      4.96826      0.00193732     
      4.88297      0.00169297     
      4.88297      0.00169297     
      4.96826      0.00179769     
      4.96826      0.00179769     
      4.96826      0.00235619     
      4.96826      0.00235619     
      4.98959      0.00185005     
      4.98959      0.00185005     
      4.98959      0.00144862     
      4.98959      0.00144862     
      5.03223      0.00106465     
      5.03223      0.00106465     
      5.05356      3.49066e-05     
      5.05356      3.49066e-05     
      5.01091      0.00015708     
      5.01091      0.00015708     
      4.96826      0.000558505     
      4.96826      0.000558505     
      4.96826      0.00118682     
      4.96826      0.00118682     
      4.96826      0.00185005     
      4.96826      0.00185005     
      4.98959      0.00329867     
      4.98959      0.00329867     
      4.96826      0.00315905     
      4.98959      0.00301942     
      4.94694      0.00322886     
      4.94694      0.00322886     
      4.96826      0.00322886     
      4.96826      0.00322886     
      5.01091      0.00247837     
      5.01091      0.00247837     
      4.98959      0.00174533     
      4.98959      0.00174533     
      4.98959      0.000925025     
      4.98959      0.000925025     
      4.96826      0.000698132     
      4.96826      0.000698132     
      5.03223      0.000575959     
      5.03223      0.000575959     
      4.96826      0.000802851     
      4.96826      0.000802851     
      4.96826      0.00146608     
      4.96826      0.00146608     
      4.9043      0.00158825     
      4.9043      0.00158825     
      4.92562      0.00125664     
      4.9043      0.00136136     
      4.94694      0.0015708     
      4.94694      0.0015708     
      5.01091      0.00158825     
      5.01091      0.00158825     
      5.01091      0.001309     
      5.01091      0.001309     
      4.98959      0.000453786     
      4.98959      0.000453786     
      5.01091      0.00020944     
      5.07488      0.00020944     
      5.01091      0.000122173     
      5.01091      0.000122173     
      4.96826      0.000890118     
      4.96826      0.000890118     
      4.92562      0.000837758     
      4.92562      0.000837758     
      4.92562      0.00129154     
      4.92562      0.00129154     
      4.98959      0.00226893     
      4.98959      0.00226893     
      5.01091      0.00164061     
      5.01091      0.00164061     
      5.01091      0.00150098     
      5.01091      0.00150098     
      5.05356      0.00151844     
      5.05356      0.00151844     
      5.07488      0.00162316     
      5.07488      0.00162316     
      5.01091      0.00125664     
      5.01091      0.00125664     
      4.96826      0.000872665     
      4.96826      0.000872665     
      4.94694      0.00113446     
      4.94694      0.00113446     
      4.92562      0.000523599     
      4.92562      0.000523599     
      4.94694      0.000453786     
      4.94694      0.000453786     
      4.98959      0.000523599     
      4.98959      0.000523599     
      5.03223      0.000366519     
      5.03223      0.000366519     
      5.01091      0.000541052     
      5.01091      0.000541052     
      5.03223      0.000296706     
      5.03223      0.000296706     
      4.98959      0.000698132     
      4.98959      0.000698132     
      4.94694      0.000942478     
      4.94694      0.000942478     
      4.96826      0.00115192     
      4.96826      0.00115192     
      4.96826      0.000785398     
      4.96826      0.000785398     
      4.94694      0.00132645     
      4.94694      0.00132645     
      4.94694      0.000855211     
      4.94694      0.000855211     
      5.01091      0.000279253     
      5.01091      0.000279253     
      4.98959      0.000436332     
      4.98959      0.000436332     
      4.94694      0.000261799     
      4.94694      0.000261799     
      5.01091      0.000715585     
      5.01091      0.000715585     
      5.03223      0.000401426     
      5.03223      0.000401426     
      4.98959      5.23599e-05     
      4.98959      5.23599e-05     
      5.01091      0.000261799     
      5.01091      0.000261799     
      4.94694      0.000174533     
      4.94694      0.000174533     
      4.98959      0.00010472     
      4.98959      0.00010472     
      5.01091      0.000610865     
      5.01091      0.000610865     
      4.96826      0.000785398     
      4.96826      0.000785398     
      4.96826      0.000645772     
      4.96826      0.000645772     
      4.98959      0.000663225     
      4.98959      0.000663225     
      5.01091      0.000174533     
      5.01091      0.000174533     
      5.01091      0.000628319     
      5.01091      0.000628319     
      4.94694      0.000942478     
      4.94694      0.000942478     
      4.96826      0.00139626     
      4.96826      0.00139626     
      4.94694      0.00176278     
      4.94694      0.00176278     
      4.98959      0.00218166     
      4.98959      0.00218166     
      5.01091      0.00211185     
      5.01091      0.00211185     
      5.05356      0.00216421     
      5.05356      0.00216421     
      4.96826      0.00205949     
      4.96826      0.00205949     
      4.96826      0.000837758     
      4.96826      0.000837758     
      4.94694      0.001309     
      4.94694      0.001309     
      4.9043      0.00176278     
      4.9043      0.00176278     
      4.88297      0.0029147     
      4.88297      0.0029147     
      4.92562      0.00411898     
      4.92562      0.00411898     
      5.05356      0.0015708     
      5.05356      0.0015708     
      5.01091      0.000785398     
      5.01091      0.000785398     
      5.03223      0.000349066     
      5.03223      0.000349066     
      5.03223      0.00394444     
      5.03223      0.00394444     
      5.03223      0.000436332     
      5.03223      0.000436332     
      4.94694      0.00616101     
      4.94694      0.00616101     
      4.94694      0.00274017     
      4.94694      0.00274017     
      4.9043      0.00748746     
      4.9043      0.00748746     
      5.01091      0.00296706     
      5.01091      0.00296706     
      5.07488      0.0110479     
      5.07488      0.0110479     
      5.07488      0.00551524     
      5.07488      0.00551524     
      5.03223      0.00155334     
      5.03223      0.00155334     
      5.05356      0.00136136     
      5.05356      0.00136136     
      5.03223      0.000977384     
      5.03223      0.000977384     
      4.819      0.0023911     
      4.819      0.0023911     
      4.9043      0.0100705     
      4.9043      0.0100705     
      4.98959      0.00221657     
      4.98959      0.00221657     
      5.01091      0.0114668     
      5.01091      0.0114668     
      5.07488      0.00762709     
      5.07488      0.00762709     
      5.01091      0.0018675     
      5.01091      0.0018675     
      4.98959      0.00699877     
      4.98959      0.00699877     
      4.94694      0.00380482     
      4.94694      0.00380482     
      4.88297      0.0100007     
      4.88297      0.0100007     
      4.96826      0.00293215     
      5.01091      0.000506145     
      5.05356      0.000488692     
      5.05356      0.000488692     
      4.98959      0.00312414     
      4.98959      0.00312414     
      5.05356      0.00551524     
      5.05356      0.00551524     
      4.98959      0.00113446     
      4.98959      0.00113446     
      4.98959      0.0100531     
      4.98959      0.0100531     
      4.94694      0.0101055     
      4.94694      0.0101055     
      4.96826      0.00205949     
      4.96826      0.00205949     
      4.98959      0.00760964     
      4.98959      0.00760964     
      5.01091      0.00132645     
      5.01091      0.00132645     
      4.96826      0.00832522     
      4.96826      0.00832522     
      5.01091      0.00256563     
      5.01091      0.00256563     
      4.96826      0.00111701     
      4.96826      0.00111701     
      4.98959      0.00181514     
      4.98959      0.00181514     
      4.98959      0.00462512     
      4.98959      0.00462512     
      4.98959      0.00872665     
      4.98959      0.00872665     
      5.03223      0.00146608     
      5.03223      0.00146608     
      4.98959      0.00146608     
      4.94694      0.00254818     
      4.94694      0.00254818     
      4.9043      0.00146608     
      4.9043      0.00146608     
      4.92562      0.00565487     
      4.92562      0.00565487     
      4.98959      0.00984366     
      4.98959      0.00984366     
      4.98959      0.00366519     
      4.98959      0.00366519     
      5.03223      0.000139626     
      5.03223      0.000139626     
      5.03223      0.00193732     
      5.03223      0.00193732     
      4.94694      0.00324631     
      4.94694      0.00324631     
      5.05356      0.00256563     
      5.05356      0.00256563     
      4.96826      0.0126885     
      4.96826      0.0126885     
      4.94694      0.0118508     
      4.94694      0.0118508     
      4.98959      0.00211185     
      4.98959      0.00211185     
      4.88297      0.00951204     
      4.84033      0.0139801     
      4.94694      0.0137881     
      4.94694      0.0137881     
      4.94694      0.0137881     
      5.05356      0.000593412     
      5.01091      0.00158825     
      5.01091      0.00158825     
      5.01091      0.00158825     
      5.01091      0.00387463     
      5.01091      0.00387463     
      5.03223      0.00631809     
      5.03223      0.00631809     
      4.9043      0.000715585     
      4.9043      0.000715585     
      4.94694      0.00659734     
      4.94694      0.00659734     
      4.98959      0.00633555     
      4.98959      0.00633555     
      4.98959      0.00174533     
      4.98959      0.00174533     
      5.05356      0.00336849     
      5.05356      0.00336849     
      5.01091      0.00605629     
      5.01091      0.00605629     
      5.01091      0.00689405     
      5.01091      0.00689405     
      4.98959      0.00525344     
      4.98959      0.00525344     
      4.98959      0.0018326     
      4.98959      0.0018326     
      4.92562      0.000750492     
      4.92562      0.000750492     
      4.96826      0.00432842     
      4.96826      0.00432842     
      4.94694      0.00649262     
      4.94694      0.00649262     
      4.92562      0.00307178     
      4.92562      0.00307178     
      4.96826      0.00654498     
      4.96826      0.00654498     
      4.98959      0.00136136     
      5.05356      0.00527089     
      5.05356      0.00527089     
      5.05356      0.00527089     
      5.01091      0.0060912     
      5.01091      0.0060912     
      5.05356      0.00020944     
      5.05356      0.00020944     
      4.96826      0.00226893     
      4.96826      0.00226893     
      4.96826      0.00218166     
      4.96826      0.00218166     
      4.94694      0.00671952     
      4.94694      0.00671952     
      4.96826      0.00101229     
      4.96826      0.00101229     
      4.96826      0.00626573     
      4.96826      0.00626573     
      4.98959      0.00216421     
      4.98959      0.00216421     
      4.98959      0.00350811     
      4.98959      0.00350811     
      5.01091      0.00197222     
      5.01091      0.00197222     
      5.01091      0.00918043     
      5.01091      0.00918043     
      4.92562      0.0108734     
      4.92562      0.0108734     
      4.98959      0.0055676     
      4.98959      0.0055676     
      4.98959      0.000855211     
      4.98959      0.000855211     
      4.94694      0.00226893     
      4.94694      0.00226893     
      4.94694      0.00644026     
      4.94694      0.00644026     
      4.98959      0.00315905     
      4.98959      0.00315905     
      5.01091      0.000558505     
      5.01091      0.000558505     
      5.03223      0.0015708     
      5.03223      0.0015708     
      5.03223      0.00790634     
      5.03223      0.00790634     
      5.01091      0.0107338     
      5.01091      0.0107338     
      5.01091      0.00312414     
      5.01091      0.00312414     
      4.92562      0.00647517     
      4.94694      0.00905826     
      5.05356      0.00975639     
      5.05356      0.00975639     
      5.01091      0.00945968     
      5.01091      0.00945968     
      5.01091      0.00951204     
      5.01091      0.00951204     
      4.94694      0.0131074     
      4.94694      0.0131074     
      4.96826      0.0132296     
      4.96826      0.0132296     
      4.96826      0.000418879     
      4.96826      0.000418879     
      4.9043      0.0146084     
      4.9043      0.0146084     
      4.96826      0.00893609     
      4.96826      0.00893609     
      4.96826      0.00191986     
      4.96826      0.00191986     
      4.92562      0.00146608     
      4.92562      0.00146608     
      4.94694      0.000401426     
      4.94694      0.000401426     
      5.07488      0.000942478     
      5.07488      0.000942478     
      5.03223      0.00898845     
      5.03223      0.00898845     
      5.07488      0.00897099     
      5.07488      0.00897099     
      5.05356      0.00549779     
      5.05356      0.00549779     
      4.98959      0.000401426     
      4.98959      0.000401426     
      4.96826      0.00567232     
      4.96826      0.00567232     
      4.96826      0.00270526     
      4.96826      0.00270526     
      4.92562      0.00832522     
      4.92562      0.00832522     
      4.94694      0.00860447     
      4.94694      0.00860447     
      5.01091      0.00479966     
      5.01091      0.00479966     
      5.05356      0.00101229     
      5.05356      0.00101229     
      4.98959      0.000663225     
      5.03223      0.00682424     
      5.03223      0.00682424     
      5.03223      0.00682424     
      5.05356      0.0181165     
      5.05356      0.0181165     
      4.94694      0.0255865     
      4.94694      0.0255865     
      4.88297      0.0116588     
      4.88297      0.0116588     
      4.9043      0.000383972     
      4.9043      0.000383972     
      4.94694      0.00340339     
      4.94694      0.00340339     
      4.92562      0.00710349     
      4.92562      0.00710349     
      5.0962      0.000645772     
      5.0962      0.000645772     
      5.05356      0.00214675     
      5.05356      0.00214675     
      5.05356      0.00228638     
      5.05356      0.00228638     
      5.01091      0.000802851     
      5.01091      0.000802851     
      4.94694      0.000663225     
      4.94694      0.000663225     
      4.9043      0.00151844     
      4.9043      0.00151844     
      4.94694      0.00274017     
      4.94694      0.00274017     
      4.98959      0.000471239     
      4.98959      0.000471239     
      4.92562      0.000191986     
      4.92562      0.000191986     
      5.05356      0.00165806     
      5.05356      0.00165806     
      5.03223      0.00260054     
      5.03223      0.00260054     
      4.96826      0.00277507     
      4.96826      0.00277507     
      4.86165      0.00261799     
      4.86165      0.00261799     
      5.03223      0.00162316     
      5.03223      0.00162316     
      5.01091      0.00132645     
      5.01091      0.00132645     
      4.96826      0.00246091     
      4.96826      0.00246091     
      5.01091      0.00198968     
      5.01091      0.00198968     
      4.98959      0.000767945     
      4.98959      0.000767945     
      4.98959      0.000855211     
      4.98959      0.000855211     
      4.98959      0.000226893     
      4.98959      0.000226893     
      5.01091      0.00123918     
      5.01091      0.00123918     
      5.03223      0.0010821     
      5.03223      0.0010821     
      5.03223      0.000296706     
      5.03223      0.000296706     
      4.98959      0.00165806     
      4.98959      0.00165806     
      4.92562      0.00289725     
      4.92562      0.00289725     
      4.94694      0.00357792     
      4.94694      0.00357792     
      5.01091      0.00247837     
      5.01091      0.00247837     
      5.01091      0.00230383     
      5.01091      0.00230383     
      4.96826      0.00172788     
      4.96826      0.00172788     
      4.98959      0.0015708     
      4.98959      0.0015708     
      4.96826      0.000244346     
      4.96826      0.000244346     
      5.01091      0.000645772     
      5.01091      0.000645772     
      4.98959      0.000785398     
      4.98959      0.000785398     
      4.98959      0.00118682     
      4.98959      0.00118682     
      4.92562      0.00146608     
      4.92562      0.00146608     
      4.96826      0.00132645     
      4.96826      0.00132645     
      5.01091      0.00172788     
      5.01091      0.00172788     
      4.98959      0.00246091     
      4.98959      0.00246091     
      4.96826      0.00191986     
      4.96826      0.00191986     
      5.01091      0.00125664     
      5.01091      0.00125664     
      5.03223      0.00122173     
      5.03223      0.00122173     
      5.03223      0.00101229     
      5.03223      0.00101229     
      4.92562      0.00116937     
      4.92562      0.00116937     
      4.94694      0.00122173     
      4.94694      0.00122173     
      5.01091      0.000296706     
      5.01091      0.000296706     
      5.01091      0.000366519     
      5.01091      0.000366519     
      5.01091      0.000715585     
      5.01091      0.000715585     
      4.98959      0.000942478     
      4.98959      0.000942478     
      5.03223      0.00015708     
      5.03223      0.00015708     
      5.01091      5.23599e-05     
      4.94694      0.000314159     
      4.94694      0.000314159     
      4.94694      0.000314159     
      4.94694      0.00116937     
      4.94694      0.00116937     
      4.92562      0.00179769     
      4.92562      0.00179769     
      4.96826      0.00235619     
      4.96826      0.00235619     
      4.96826      0.00214675     
      4.96826      0.00214675     
      5.01091      0.00113446     
      5.01091      0.00113446     
      4.98959      0.00015708     
      4.98959      0.00015708     
      4.98959      0.000139626     
      4.98959      0.000139626     
      4.94694      0.000802851     
      4.98959      0.00287979     
      4.98959      0.00287979     
      4.98959      0.00287979     
      4.98959      0.00153589     
      4.98959      1.74533e-05     
      4.98959      1.74533e-05     
      4.98959      1.74533e-05     
      4.92562      0.00164061     
      4.96826      0.000279253     
      5.05356      0.00251327     
      5.01091      0.00542797     
      5.01091      0.00542797     
      5.01091      0.00542797     
      4.98959      0.000453786     
      4.96826      0.00342085     
      4.96826      0.00342085     
      4.96826      0.00623083     
      4.96826      0.00623083     
      4.96826      0.00623083     
      4.98959      0.00994838     
      4.92562      0.00575959     
      4.92562      0.00575959     
      4.92562      0.00575959     
      4.94694      0.00181514     
      4.94694      0.0018326     
      4.94694      0.0018326     
      4.94694      0.0018326     
      4.96826      0.00731293     
      4.96826      0.00731293     
      4.98959      0.00970403     
      4.98959      0.00970403     
      4.96826      0.00249582     
      4.96826      0.00249582     
      5.01091      0.00354302     
      4.98959      0.0010821     
      4.98959      0.0010821     
      5.03223      0.00577704     
      5.03223      0.00577704     
      5.03223      0.0090059     
      5.03223      0.0090059     
      4.98959      0.00602139     
      4.98959      0.00602139     
      4.96826      0.00200713     
      4.96826      0.00200713     
      4.96826      0.00331613     
      4.96826      0.00331613     
      5.01091      0.00185005     
      5.01091      0.00185005     
      4.98959      0.0155509     
      4.98959      0.0155509     
      4.98959      0.0155509     
      5.01091      0.0146084     
      4.96826      0.00322886     
      4.96826      0.00322886     
      4.92562      0.0121824     
      4.92562      0.0121824     
      4.92562      0.0115715     
      4.92562      0.0115715     
      4.94694      0.00492183     
      4.94694      0.00492183     
      4.92562      0.0105418     
      4.92562      0.0105418     
      5.03223      0.0044855     
      5.03223      0.0044855     
      5.01091      0.00383972     
      5.01091      0.00383972     
      5.05356      0.00675442     
      5.05356      0.00675442     
      5.05356      0.00762709     
      5.05356      0.00762709     
      5.01091      0.00694641     
      5.01091      0.00694641     
      5.03223      0.00198968     
      5.03223      0.00198968     
      4.98959      0.0026529     
      4.98959      0.0026529     
      4.92562      0.0103323     
      4.92562      0.0103323     
      4.9043      0.0128631     
      4.9043      0.0128631     
      4.94694      0.0128107     
      4.94694      0.0128107     
      4.96826      0.00127409     
      4.96826      0.00127409     
      4.98959      0.00366519     
      4.98959      0.00366519     
      5.03223      0.0013439     
      5.03223      0.0013439     
      5.07488      0.00280998     
      5.07488      0.00280998     
      4.92562      0.00294961     
      4.92562      0.00294961     
      4.9043      0.00172788     
      4.9043      0.00172788     
      4.9043      0.00776672     
      4.9043      0.00776672     
      4.94694      0.00764454     
      4.94694      0.00764454     
      5.01091      0.00877901     
      5.01091      0.00877901     
      5.01091      0.014748     
      5.01091      0.014748     
      5.05356      0.00598648     
      5.05356      0.00598648     
      5.03223      0.00684169     
      5.03223      0.00684169     
      5.03223      0.0039619     
      5.03223      0.0039619     
      4.94694      0.00657989     
      4.94694      0.00657989     
      4.92562      0.00282743     
      4.92562      0.00282743     
      4.92562      0.00527089     
      4.92562      0.00527089     
      4.98959      0.00352557     
      4.98959      0.00352557     
      5.01091      0.00328122     
      5.01091      0.00328122     
      5.05356      0.00500909     
      5.05356      0.00500909     
      5.05356      0.00731293     
      5.01091      0.00523599     
      4.94694      0.000907571     
      4.94694      0.000907571     
      4.94694      0.00390954     
      4.94694      0.00390954     
      4.9043      0.0060912     
      4.9043      0.0060912     
      4.96826      0.000767945     
      4.96826      0.000767945     
      4.98959      0.0029147     
      4.98959      0.0029147     
      4.98959      0.00106465     
      4.98959      0.00106465     
      4.96826      0.000122173     
      4.96826      0.000122173     
      4.98959      6.98132e-05     
      4.98959      6.98132e-05     
      4.96826      0.000471239     
      4.96826      0.000471239     
      4.98959      0.000523599     
      4.98959      0.000523599     
      5.01091      0.000436332     
      5.01091      0.000436332     
      5.07488      1.74533e-05     
      5.07488      1.74533e-05     
      4.98959      5.23599e-05     
      4.96826      0.000296706     
      4.92562      0.000261799     
      4.92562      0.000261799     
      4.9043      0.000296706     
      4.9043      0.000296706     
      4.92562      0.000383972     
      4.92562      0.000383972     
      4.96826      0.000977384     
      4.96826      0.000977384     
      4.98959      0.00314159     
      4.98959      0.00314159     
      5.05356      0.00319395     
      5.05356      0.00319395     
      5.05356      0.00247837     
      5.05356      0.00247837     
      5.03223      0.0023911     
      5.03223      0.0023911     
      4.98959      0.00263545     
      4.98959      0.00188496     
      4.98959      0.00188496     
      4.98959      0.00188496     
      4.94694      0.0013439     
      4.94694      0.0013439     
      4.88297      0.000488692     
      4.88297      0.000488692     
      4.92562      0.000802851     
      5.01091      0.000610865     
      5.01091      0.000610865     
      4.98959      0.0010821     
      4.98959      0.0010821     
      4.98959      0.0010821     
      5.03223      0.00143117     
      5.03223      0.00143117     
      5.0962      0.00169297     
      5.01091      0.00123918     
      5.01091      0.00123918     
      5.01091      0.00123918     
      4.94694      0.0015708     
      4.94694      0.0015708     
      4.92562      0.000890118     
      4.92562      0.000890118     
      4.96826      0.000174533     
      4.96826      0.000174533     
      4.9043      0.000261799     
      4.9043      0.000261799     
      5.01091      0.000453786     
      5.01091      0.000453786     
      5.03223      1.74533e-05     
      5.05356      0.000541052     
      5.05356      0.000541052     
      5.05356      0.000541052     
      5.01091      0.000715585     
      5.01091      0.000715585     
      5.03223      0.00101229     
      5.03223      0.00101229     
      4.98959      0.00111701     
      4.98959      0.00111701     
      4.92562      0.000907571     
      4.92562      0.000907571     
      4.9043      0.000837758     
      4.9043      0.000837758     
      4.86165      0.000959931     
      4.86165      0.000959931     
      4.92562      0.000802851     
      4.92562      0.000802851     
      4.98959      0.000959931     
      5.01091      0.0010472     
      5.01091      0.0010472     
      5.01091      0.0010472     
      5.05356      0.000977384     
      5.05356      0.000977384     
      5.0962      0.00020944     
      5.0962      0.00020944     
      5.05356      0.000750492     
      5.05356      0.000750492     
      4.94694      0.000680678     
      4.94694      0.000680678     
      4.9043      0.000191986     
      4.9043      0.000191986     
      4.94694      0.000663225     
      4.94694      0.000663225     
      4.94694      0.000733038     
      4.94694      0.000733038     
      4.96826      0.000593412     
      4.96826      0.000593412     
      5.03223      0.000296706     
      5.03223      0.000296706     
      5.03223      0.000122173     
      5.03223      0.000122173     
      5.01091      0.000226893     
      5.01091      0.000226893     
      4.94694      0.000244346     
      4.94694      0.000244346     
      4.98959      0.000767945     
      4.98959      0.000767945     
      4.96826      0.00102974     
      4.96826      0.00102974     
      4.98959      0.000890118     
      4.98959      0.000890118     
      4.98959      0.00125664     
      4.98959      0.00125664     
      5.03223      0.00120428     
      5.03223      0.00120428     
      4.98959      0.00137881     
      4.98959      0.00137881     
      4.94694      0.00120428     
      4.94694      0.00120428     
      5.01091      0.00123918     
      5.01091      0.00123918     
      4.98959      0.00122173     
      4.98959      0.00122173     
      4.98959      0.00143117     
      4.98959      0.00143117     
      4.96826      0.00116937     
      4.96826      0.00116937     
      4.94694      0.00115192     
      4.94694      0.00115192     
      4.96826      0.00137881     
      4.96826      0.00137881     
      4.98959      0.00219911     
      4.98959      0.00219911     
      5.01091      0.00246091     
      5.01091      0.00246091     
      5.03223      0.00284489     
      5.03223      0.00284489     
      5.03223      0.00176278     
      5.03223      0.00176278     
      4.92562      0.00151844     
      4.92562      0.00151844     
      4.92562      0.00141372     
      4.92562      0.00141372     
      4.9043      0.00174533     
      4.9043      0.00174533     
      4.92562      0.000977384     
      4.92562      0.000977384     
      4.92562      0.000645772     
      4.92562      0.000645772     
      5.11753      0.000733038     
      5.11753      0.000733038     
      5.05356      0.00144862     
      5.05356      0.00144862     
      5.03223      0.000663225     
      5.03223      0.000663225     
      4.98959      0.000191986     
      4.98959      0.000191986     
      4.98959      0.000837758     
      4.98959      0.000837758     
      4.96826      0.0018675     
      4.96826      0.0018675     
      4.98959      0.000872665     
      4.98959      0.000872665     
      4.94694      0.000558505     
      4.94694      0.000558505     
      4.94694      0.00155334     
      4.94694      0.00155334     
      5.01091      0.0020944     
      5.01091      0.0020944     
      4.98959      0.00113446     
      4.98959      0.00113446     
      5.01091      0.000628319     
      5.01091      0.000628319     
      5.05356      0.00127409     
      5.05356      0.00127409     
      5.07488      0.00139626     
      5.07488      0.00139626     
      4.92562      0.00139626     
      4.92562      0.00139626     
      4.9043      0.00153589     
      4.9043      0.00153589     
      4.92562      0.00125664     
      4.92562      0.00125664     
      4.9043      0.0010472     
      4.9043      0.0010472     
      4.98959      0.00111701     
      4.98959      0.00111701     
      5.05356      0.000907571     
      5.05356      0.000907571     
      5.07488      0.001309     
      5.07488      0.001309     
      5.03223      0.0010821     
      5.03223      0.0010821     
      5.03223      0.0010821     
      4.92562      0.00109956     
      4.92562      0.00109956     
      4.98959      0.000785398     
      4.92562      0.00123918     
      4.92562      0.00123918     
      4.92562      0.00123918     
      4.94694      0.00125664     
      4.98959      0.00120428     
      4.98959      0.00120428     
      5.03223      0.000890118     
      5.03223      0.000890118     
      4.98959      0.00127409     
      4.98959      0.00127409     
      4.96826      0.00162316     
      4.96826      0.00162316     
      4.94694      0.00120428     
      4.94694      0.00120428     
      4.96826      0.0013439     
      4.96826      0.0013439     
      5.01091      0.00165806     
      5.01091      0.00165806     
      5.01091      0.00198968     
      5.01091      0.00198968     
      4.96826      0.00143117     
      4.96826      0.00143117     
      4.98959      0.000977384     
      4.98959      0.000977384     
      5.01091      0.00141372     
      5.01091      0.00141372     
      4.98959      0.000907571     
      4.98959      0.000907571     
      4.98959      5.23599e-05     
      4.98959      5.23599e-05     
      4.94694      0.000383972     
      4.94694      0.000383972     
      4.96826      0.000750492     
      4.96826      0.000750492     
      4.94694      0.000942478     
      4.94694      0.000942478     
      4.92562      0.0010472     
      4.92562      0.0010472     
      4.9043      0.000401426     
      4.9043      0.000401426     
      4.9043      0.000401426     
      5.05356      0.000471239     
      5.03223      0.00020944     
      5.03223      0.00020944     
      5.01091      1.74533e-05     
      5.01091      1.74533e-05     
      4.98959      0.000122173     
      4.98959      0.000122173     
      4.98959      0.000872665     
      4.98959      0.000872665     
      4.92562      0.00118682     
      4.92562      0.00118682     
      4.94694      0.000436332     
      4.94694      0.000436332     
      4.96826      0.000558505     
      4.96826      0.000558505     
      4.98959      0.00143117     
      4.98959      0.00143117     
      5.01091      0.00190241     
