 20 77.4166 2.98357
 17 36.5437 0.409785
 17 15.5287 2.20403
 17 21.4537 2.51505
 17 38.2588 2.83961
 17 41.8274 2.85349
 17 45.1962 2.86138
 17 56.2176 2.91571
 17 81.7202 2.97663
 17 87.6729 2.98694
 17 98.9136 3.00324
 19 102.584 0.1396
 19 95.6322 0.151207
 19 67.7797 0.188038
 19 62.9924 0.196781
 19 47.9829 0.237603
 19 15.7247 0.942333
 19 13.1394 1.63049
 19 13.6443 1.89421
 19 15.9769 2.16526
 19 40.167 2.78274
 19 51.8066 2.93586
 19 55.3895 2.93949
 19 58.7568 2.95092
 19 65.061 2.96947
 19 69.68 2.98213
 19 74.1335 2.98806
 19 96.3889 3.02595
 15 85.2513 0.0574998
 15 66.2112 0.0701852
 15 60.1363 0.0766101
 15 33.1189 0.109536
 15 19.3038 0.149463
 15 40.3455 0.0895285
 15 53.642 0.0824424
 19 102.371 3.02333
 15 98.792 0.0399836
 19 94.9911 3.01706
 19 86.4604 2.9962
 19 80.5459 2.97978
 19 75.9226 2.96934
 19 64.1489 2.94587
 19 59.2357 2.94662
 19 54.7255 2.933
 19 51.7219 2.90144
 19 36.9995 2.71527
 19 32.8574 2.64151
 19 27.7839 2.53456
 19 16.4491 0.981203
 19 19.0792 0.798154
 19 22.4553 0.636742
 19 27.5398 0.56127
 19 32.9242 0.435525
 19 36.8392 0.373391
 19 41.9652 0.325451
 19 51.1212 0.271171
 19 54.7253 0.262039
 19 58.3668 0.229734
 19 65.7092 0.214929
 19 69.9651 0.208641
 19 74.4775 0.197479
 19 80.0708 0.180744
 17 70.8475 2.90464
 17 61.4562 2.86937
 17 52.7382 2.86089
 17 47.917 2.83141
 17 43.0955 2.79278
 17 39.9745 2.76287
 17 34.0515 2.69914
 17 29.6805 2.62653
 17 20.2055 2.25806
 17 18.196 2.09175
 17 16.5433 1.87055
 17 17.8228 1.21034
 20 95.3598 2.98064
 17 23.034 0.811698
 20 89.9428 2.96935
 17 27.3193 0.700516
 20 85.7352 2.95195
 17 31.638 0.59359
 20 80.8193 2.94825
 17 35.1518 0.526891
 20 76.3505 2.93789
 17 39.6062 0.465824
 17 18.25 2.12436
 17 32.8966 2.66218
 17 37.164 2.7139
 17 40.603 2.76699
 17 45.0202 2.78537
 17 52.2476 2.826
 17 55.8424 2.85331
 17 62.6706 2.8719
 17 70.1925 2.90284
 17 80.8143 2.9211
 17 86.9748 2.92359
 17 93.6902 2.95143
 17 98.3941 2.94872
 19 104.887 0.184289
 17 104.614 2.96022
 19 98.7082 0.191798
 19 89.108 0.201633
 19 83.971 0.21395
 19 80.0472 0.22409
 19 74.9361 0.239933
 19 22.6671 0.762488
 19 19.1768 0.999896
 19 16.3996 1.53585
 19 17.038 1.86017
 19 20.163 2.13453
 19 23.4826 2.29166
 19 30.1061 2.52885
 19 34.3765 2.60159
 19 38.8153 2.68943
 19 46.2082 2.79265
 19 76.54 2.91975
 15 92.2706 0.122103
 15 72.2505 0.128455
 15 53.4941 0.176293
 15 47.9879 0.176422
 15 33.2791 0.236762
 15 21.0804 0.327558
 15 17.0029 0.396385
 15 11.5718 0.568564
 15 81.4479 0.103444
 19 101.484 2.98042
 15 100.534 0.0856539
 19 94.6001 2.97008
 19 79.3058 2.92709
 19 66.9239 2.89956
 19 63.4611 2.88323
 19 59.5854 2.87853
 19 53.5613 2.85998
 19 47.9198 2.79192
 19 30.5857 2.4912
 19 17.4706 1.65005
 19 17.7964 1.39478
 19 24.9461 0.800497
 19 32.2941 0.591163
 19 51.538 0.338091
 19 65.5843 0.280597
 19 70.0602 0.270869
 19 82.7435 0.227069
 19 86.6154 0.218279
 19 92.2881 0.205083
 17 103.017 2.94116
 19 100.613 0.196446
 17 98.1918 2.93721
 19 105.556 0.185183
 17 91.7105 2.91234
 17 85.6314 2.89557
 17 65.2694 2.83268
 17 58.1194 2.81305
 17 43.3601 2.719
 17 33.8098 2.58639
 17 27.2461 2.43032
 17 21.7499 2.15912
 17 19.615 1.99224
 17 19.3695 1.40194
 20 93.2646 2.94421
 17 27.3756 0.811853
 20 76.7655 2.89195
 17 41.3161 0.529479
