id corn0_x y corn1_x y coen2_x y corn3_x y center_x y  …… 
 20 229.12 77.5614 299.425 67.9123  309.919 138.172 240.42 147.205  270.011 107.597  17 272.288 358.631 261.48 287.418  331.069 276.585 341.676 345.747  301.146 316.9  
 20 229.097 77.5645 299.425 67.9123  309.919 138.172 240.562 147.187  270.045 107.578  17 272.288 358.631 261.509 287.607  331.058 276.517 341.676 345.747  301.161 316.904  
 20 229.163 77.8308 299.403 67.7655  309.919 138.172 240.42 147.205  270.072 107.611  17 272.256 358.637 261.644 287.392  331.069 276.585 341.676 345.747  301.173 316.902  
 20 229.163 77.8308 299.178 67.7977  310.027 138.158 240.42 147.205  270.032 107.632  17 272.288 358.631 261.48 287.418  331.069 276.585 341.676 345.747  301.146 316.9  
 20 229.163 77.8308 299.534 67.7467  309.902 138.116 240.451 147.395  270.083 107.648  17 272.288 358.631 261.509 287.607  331.058 276.517 341.676 345.747  301.151 316.909  
 20 229.12 77.5614 299.556 67.8943  309.909 138.165 240.463 147.472  270.066 107.646  17 272.288 358.631 261.48 287.418  331.124 276.577 341.487 345.782  301.11 316.897  
 20 229.163 77.8308 299.534 67.7467  309.91 138.173 240.42 147.205  270.078 107.601  17 272.288 358.631 261.48 287.418  331.069 276.585 341.676 345.747  301.197 316.858  
 20 229.12 77.5614 299.425 67.9123  309.91 138.115 240.451 147.395  270.016 107.629  17 272.256 358.637 261.672 287.581  331.058 276.517 341.676 345.747  301.225 316.941  
 20 229.163 77.8308 299.534 67.7467  309.902 138.116 240.451 147.395  270.056 107.652  17 272.288 358.631 261.48 287.418  331.069 276.585 341.676 345.747  301.19 316.851  
 20 229.141 77.834 299.674 67.7266  309.623 138.153 240.593 147.376  270.049 107.585  17 272.288 358.631 261.48 287.418  331.069 276.585 341.676 345.747  301.211 316.814  
 20 229.107 77.4845 299.549 67.8451  309.902 138.116 240.451 147.395  270.056 107.581  17 272.288 358.631 261.48 287.418  331.069 276.585 341.676 345.747  301.155 316.894  
 20 229.163 77.8308 299.534 67.7467  309.91 138.173 240.42 147.205  270.101 107.571  17 272.288 358.631 261.509 287.607  331.058 276.517 341.676 345.747  301.199 316.873  
 20 229.12 77.7046 299.442 68.0246  309.926 138.222 240.575 147.264  270.06 107.677  17 272.288 358.631 261.48 287.418  331.069 276.585 341.676 345.747  301.214 316.872  
 20 229.12 77.5614 299.556 67.8943  309.902 138.116 240.451 147.395  270.052 107.605  17 272.288 358.631 261.48 287.418  331.069 276.585 341.676 345.747  301.139 316.888  
 20 229.265 77.6845 299.572 68.0066  309.91 138.173 240.186 147.235  270.014 107.668  17 272.288 358.631 261.48 287.418  331.069 276.585 341.676 345.747  301.19 316.854  
 20 229.12 77.5614 299.425 67.9123  309.91 138.115 240.451 147.395  270.023 107.645  17 272.24 358.532 261.644 287.392  331.069 276.585 341.673 345.724  301.192 316.871  
 20 229.142 77.7014 299.442 68.0246  309.917 138.164 240.463 147.472  270.009 107.707  17 272.288 358.631 261.48 287.418  331.069 276.585 341.676 345.747  301.153 316.883  
 20 229.142 77.7014 299.348 68.0375  310.01 138.101 240.451 147.395  270.034 107.711  17 272.256 358.637 261.672 287.581  331.058 276.517 341.676 345.747  301.2 316.914  
 20 229.099 77.4315 299.594 68.1548  309.917 138.223 240.433 147.282  270.061 107.652  17 272.288 358.631 261.48 287.418  331.069 276.585 341.676 345.747  301.137 316.891  
 20 229.075 77.4346 299.594 68.1548  309.902 138.116 240.593 147.376  270.065 107.65  17 272.288 358.631 261.509 287.607  331.058 276.517 341.676 345.747  301.145 316.902  
