size id c0x y c1x y c2x y c3x y center_x y 
2 20 -83.7572 47.5667 -88.7846 11.1055 -52.1777 5.66335 -47.4714 41.7061 -68.1079 26.36 17 62.6862 25.1788 25.5827 30.7842 19.9387 -5.30525 55.9734 -10.8065 40.9434 10.2132 
2 20 -83.7556 47.5787 -88.7846 11.1055 -52.1777 5.66335 -47.481 41.6326 -68.1179 26.3423 17 62.6862 25.1788 25.6813 30.7694 19.903 -5.29982 55.9734 -10.8065 40.9455 10.2053 
2 20 -83.6169 47.544 -88.8611 11.1168 -52.1777 5.66335 -47.4714 41.7061 -68.1006 26.3281 17 62.6893 25.1956 25.5694 30.6992 19.9387 -5.30525 55.9734 -10.8065 40.9447 10.1991 
2 20 -83.6169 47.544 -88.8443 11.2336 -52.185 5.60728 -47.4714 41.7061 -68.0895 26.3488 17 62.6862 25.1788 25.5827 30.7842 19.9387 -5.30525 55.9734 -10.8065 40.9434 10.2132 
2 20 -83.6169 47.544 -88.8709 11.0489 -52.2071 5.67215 -47.3725 41.6902 -68.0814 26.3226 17 62.6862 25.1788 25.6813 30.7694 19.903 -5.29982 55.9734 -10.8065 40.9482 10.2106 
2 20 -83.7572 47.5667 -88.794 11.0377 -52.1812 5.66833 -47.3323 41.6837 -68.0825 26.3312 17 62.6862 25.1788 25.5827 30.7842 19.9342 -5.33418 55.9918 -10.7084 40.942 10.2316 
2 20 -83.6169 47.544 -88.8709 11.0489 -52.1771 5.66775 -47.4714 41.7061 -68.1059 26.3254 17 62.6862 25.1788 25.5827 30.7842 19.9387 -5.30525 55.9734 -10.8065 40.9216 10.1868 
2 20 -83.7572 47.5667 -88.7846 11.1055 -52.2077 5.66781 -47.3725 41.6902 -68.0914 26.3572 17 62.6893 25.1956 25.6677 30.6846 19.903 -5.29982 55.9734 -10.8065 40.9651 10.1721 
2 20 -83.6169 47.544 -88.8709 11.0489 -52.2071 5.67215 -47.3725 41.6902 -68.0792 26.3367 17 62.6862 25.1788 25.5827 30.7842 19.9387 -5.30525 55.9734 -10.8065 40.9178 10.1902 
2 20 -83.6152 47.5557 -88.8814 10.9762 -52.1877 5.81643 -47.3824 41.6164 -68.1143 26.3404 17 62.6862 25.1788 25.5827 30.7842 19.9387 -5.30525 55.9734 -10.8065 40.8986 10.1793 
2 20 -83.7973 47.5731 -88.8196 11.0414 -52.2071 5.67215 -47.3725 41.6902 -68.1162 26.3368 17 62.6862 25.1788 25.5827 30.7842 19.9387 -5.30525 55.9734 -10.8065 40.9401 10.2081 
2 20 -83.6169 47.544 -88.8709 11.0489 -52.1771 5.66775 -47.4714 41.7061 -68.1215 26.3133 17 62.6862 25.1788 25.6813 30.7694 19.903 -5.29982 55.9734 -10.8065 40.9297 10.1857 
2 20 -83.6826 47.5667 -88.7261 11.0968 -52.1518 5.65952 -47.4406 41.626 -68.0664 26.3347 17 62.6862 25.1788 25.5827 30.7842 19.9387 -5.30525 55.9734 -10.8065 40.9288 10.1775 
2 20 -83.7572 47.5667 -88.794 11.0377 -52.2071 5.67215 -47.3725 41.6902 -68.1038 26.3386 17 62.6862 25.1788 25.5827 30.7842 19.9387 -5.30525 55.9734 -10.8065 40.937 10.2168 
2 20 -83.6931 47.4911 -88.7355 11.0291 -52.1771 5.66775 -47.4555 41.8273 -68.0709 26.3582 17 62.6862 25.1788 25.5827 30.7842 19.9387 -5.30525 55.9734 -10.8065 40.9196 10.1902 
2 20 -83.7572 47.5667 -88.7846 11.1055 -52.2077 5.66781 -47.3725 41.6902 -68.083 26.3535 17 62.6348 25.2037 25.5694 30.6992 19.9387 -5.30525 55.9613 -10.8047 40.9282 10.1889 
2 20 -83.6842 47.5549 -88.7261 11.0968 -52.1817 5.66397 -47.3323 41.6837 -68.0509 26.361 17 62.6862 25.1788 25.5827 30.7842 19.9387 -5.30525 55.9734 -10.8065 40.9348 10.2092 
2 20 -83.6842 47.5549 -88.7194 11.1454 -52.2146 5.61607 -47.3725 41.6902 -68.0488 26.3478 17 62.6893 25.1956 25.6677 30.6846 19.903 -5.29982 55.9734 -10.8065 40.9506 10.1849 
2 20 -83.8249 47.5776 -88.6583 11.0177 -52.1512 5.66397 -47.431 41.6996 -68.0794 26.3338 17 62.6862 25.1788 25.5827 30.7842 19.9387 -5.30525 55.9734 -10.8065 40.9386 10.2174 
2 20 -83.8233 47.5898 -88.6583 11.0177 -52.2071 5.67215 -47.3824 41.6164 -68.0803 26.332 17 62.6862 25.1788 25.6813 30.7694 19.903 -5.29982 55.9734 -10.8065 40.9446 10.2134 
