0  0 -0.000772134
0  0 -0.000998328
0  0 -0.00129329
0  0 -0.00193732
0  0 -0.00202633
0  0 -0.00243369
0  0 -0.00228708
0  0 -0.00258466
0  0 -0.00248186
0  0 -0.00182212
0  0 -0.00261904
0  0 -0.00179071
0  0 -0.00245044
0  0 -0.00280213
0  0 -0.00196943
0  0 -0.00133832
0  0 -0.00306654
0  0 -0.00209265
0  0 -0.00236667
0  0 -0.00208288
0  0 -0.00175859
0  0 -0.00191079
0  0 -0.00240437
0  0 -0.00149069
0  0 -0.00209649
0  0 -0.00223821
0  0 -0.00240925
0  0 -0.00242391
0  0 -0.0010074
0  0 -0.00185982
0  0 -0.00230802
0  0 -0.00187658
0  0 -0.00198968
0  0 -0.00208672
0  0 -0.00193592
3.15186  -0.339844 -8.79646e-05
1.47322  -0.226196 0.00126065
1.09628  -0.0561523 -0.000285885
1.06796  -0.050293 0.000494626
1.25993  -0.101685 0.00112085
1.08466  -0.0892944 0.00279392
1.15995  -0.0739746 -0.000910015
1.36297  -0.0964355 -0.00270282
1.1326  -0.0776367 -0.000168948
1.25838  -0.0786133 -0.000382227
1.1792  -0.078125 1.386e-05
1.2511  -0.0820312 8.55211e-05
1.24207  -0.0566406 -4.24115e-05
1.16061  -0.0495605 0.00039619
1.18857  -0.0871582 0.000339292
1.2724  -0.0693359 0.00034767
1.16167  0.00292969 0.000237714
1.04755  -0.0644531 -0.0001494
1.07047  -0.0874023 0.000305782
1.04732  -0.0678711 0.0003735
1.19104  -0.0849609 -0.000312763
1.05434  -0.0133667 -0.00191375
1.05561  -0.0886841 0.00109327
1.20584  -0.10112 0.00974627
1.17207  -0.163452 0.000891165
1.13405  -0.0562744 -0.0129743
1.17138  -0.0568314 -0.0158197
1.22999  -0.059021 -0.00649105
1.12218  -0.0764694 0.00942757
1.06898  -0.017807 0.011833
1.04868  -0.0291519 -0.0137035
1.01307  0.0201416 -0.00162106
0.999844  -0.0355835 0.00238552
1.12512  -0.0263367 0.00372017
1.0929  -0.0449219 -3.89208e-05
1.14529  -0.043457 0.000825541
1.15144  0.00195312 3.76991e-05
0.995386  -0.019165 0.000708604
1.03959  -0.015625 0.000407011
1.00197  -0.0209961 0.000164061
1.11307  -0.106445 0.000318348
1.14  -0.0422363 0.000485551
1.03473  -0.0126953 0.000441917
1.14505  -0.0537109 -0.000195477
1.16454  -0.0723877 0.000835664
1.26682  -0.0839844 0.000279776
1.0531  0.0527344 3.75246e-05
1.13088  0.0144043 -0.000385718
1.08368  -0.0517578 0.000185005
0.946869  -0.147217 -0.000560251
1.1626  -0.0986328 7.9587e-05
1.18912  -0.0883789 0.000365996
1.01649  -0.0541992 0.000227242
1.10315  -0.0712891 0.000113097
1.14206  -0.098877 0.000312763
0.988113  -0.0541992 0.000347146
1.12422  -0.0605469 0.000844739
1.23462  -0.0634766 -7.78417e-05
1.08704  -0.0615234 0.000116239
1.05066  -0.0888672 -0.000150098
1.05432  -0.0703125 4.11898e-05
1.11082  -0.0737305 0.000792379
1.20076  -0.0667725 0.000984366
1.24969  -0.120605 0.000223402
1.25198  -0.0673828 0.000384845
1.43155  -0.0622559 0.000684169
1.16159  -0.114502 0.000290772
1.17703  -0.0386963 -0.000918043
1.37823  -0.0981445 0.000659734
1.25671  -0.0743408 0.0017174
1.00832  -0.0227051 -0.000637918
1.20108  -0.0938721 0.000591667
1.23074  -0.117188 -0.000233525
1.21716  -0.164551 0.000502655
1.23312  -0.0942383 -0.000323933
1.25952  -0.106445 -8.62193e-05
1.08627  -0.213745 0.000864985
1.08193  -0.0644531 0.000810007
1.0255  -0.0617676 0.000305782
1.06248  -0.0710449 0.000435809
1.2413  -0.123291 0.000449248
1.16748  -0.113281 -3.83972e-05
1.1469  -0.102356 0.00129591
1.00061  -0.0986328 0.000107338
1.07715  -0.0761719 -3.68264e-05
1.02617  -0.0876465 0.000401426
1.23518  -0.0895996 0.000549081
1.1827  -0.0991211 0.000929213
1.17887  -0.0877686 0.000967611
1.20369  -0.0987549 0.000906175
1.10352  -0.104492 7.88889e-05
1.03876  -0.123535 0.000155683
1.08685  -0.0830078 0.000148702
1.08575  -0.0805664 0.000348717
1.17435  -0.0938721 0.00127287
1.13794  -0.103516 -4.06662e-05
1.02917  -0.0769043 0.00103673
1.13269  -0.0878906 0.000271224
1.10757  -0.0808105 0.000302989
1.16931  -0.090332 0.000230383
1.15625  -0.117188 -3.80482e-05
1.09082  -0.132812 1.344e-05
1.12451  -0.119141 -3.85718e-05
1.10323  -0.106689 0.000788889
1.20354  -0.100586 0.000782606
1.04199  -0.0922852 0.000155683
1.12296  -0.127136 -0.00159104
1.09096  -0.0957031 0.00138195
1.1107  -0.104614 0.00129364
1.08384  -0.103333 0.00364215
0.929443  -0.0917969 -3.82227e-05
0.970913  -0.101135 -0.00342434
1.21586  -0.109131 -0.00207834
1.11591  -0.103973 0.00500717
1.20259  -0.120209 0.00471797
1.05524  -0.101562 0.000236667
1.16113  -0.121094 0.000114668
1.11928  -0.121582 0.000652753
1.02551  -0.116211 7.67945e-05
1.04492  -0.148438 1.35e-05
1.04703  -0.143188 -0.000947365
1.19183  -0.134766 0.000392699
1.11209  -0.13916 -0.000496895
1.04294  -0.117188 0.0003735
1.16501  -0.12915 0.000417134
1.03952  -0.117432 -0.000505971
1.09546  -0.132812 -3.92699e-05
0.996277  -0.123535 0.000485551
1.08733  -0.117432 0.00105086
1.18065  -0.125122 0.000769341
1.12987  -0.118896 0.000503702
1.06708  -0.124512 -0.000239808
1.14648  -0.117188 1.296e-05
1.12042  -0.110352 0.000307178
1.04632  -0.0969238 -0.000860098
1.00891  -0.0938721 0.00120637
1.04037  -0.109375 0.000389208
1.22552  -0.120239 0.00100793
1.15266  -0.0946045 0.000591667
1.08502  -0.0898438 -0.000116239
1.09033  -0.101562 1.284e-05
1.07397  -0.103516 -0.000383972
1.10539  -0.106201 -0.00041661
1.16732  -0.112915 -0.00111352
1.17493  -0.129883 8.06342e-05
1.05854  -0.0588379 0.000512778
1.16254  -0.0995483 0.0024274
1.09004  -0.0888672 0.000389208
1.05054  -0.0903931 0.00202633
1.27023  -0.111511 0.0012706
1.1698  -0.0830078 0.0001309
1.15726  0.0187988 0.000700226
1.13289  -0.105591 0.000890816
1.20731  -0.115845 0.000910015
1.02838  -0.0866699 0.000268781
1.14402  -0.0693359 0.000712967
1.03296  -0.0883789 -0.000308574
1.12976  -0.119141 -0.000116239
1.07175  -0.0791016 0.000329867
1.10144  -0.0932617 0.000188496
1.17395  -0.0991211 -0.000231431
1.08777  -0.113281 0.000544892
0.998718  -0.101562 -0.00033615
1.13631  -0.105469 0.00046705
1.13135  -0.103516 0.000116239
1.1007  -0.101654 -0.00452389
1.09848  -0.104691 0.0141764
1.0084  -0.0849304 0.02272
1.1843  -0.0838089 -0.00983947
1.11  -0.11171 0.0171217
1.05671  -0.126259 0.0130285
1.05068  -0.100563 0.0146477
1.02588  -0.11245 -0.010636
1.06847  -0.109112 -0.0176971
1.02213  -0.103302 0.015098
1.19236  -0.156738 -0.00274802
1.3301  -0.168907 0.0159132
1.18551  -0.0557938 -0.0158523
1.28148  -0.162506 0.0084179
1.10024  -0.106461 0.0127423
1.09109  -0.0742188 0.000155683
1.07681  -0.0677948 -0.0127479
1.06965  -0.141296 -0.0120567
1.02232  -0.141228 0.0153589
1.16622  -0.0656662 0.0155582
1.04836  -0.0490952 -0.0127737
1.07711  -0.0627747 0.00771785
1.13618  -0.106964 0.00385316
0.914818  -0.0615845 -0.00146346
1.177  -0.0947266 -0.000111527
1.10828  -0.157837 -0.000733038
1.11994  -0.104279 -0.00324073
1.11835  -0.129822 0.00203505
1.16211  -0.151245 0.000879297
1.07214  -0.0625 -3.82227e-05
1.10078  -0.10083 -0.000452389
1.12027  -0.112061 -0.000307178
0.990952  -0.137695 0.000961327
1.05608  -0.131531 0.00140132
1.09937  -0.11499 -0.000339292
1.05887  -0.0309982 0.0119506
1.09734  -0.0800858 -0.0100566
1.10794  -0.108826 -0.00538818
1.08812  -0.183365 -0.00455531
1.20005  -0.10627 -0.0123067
1.10905  -0.056778 -0.00643852
1.09136  -0.125557 -0.00938289
1.16158  -0.155205 0.0138289
1.11437  -0.160385 0.00625875
0.949622  -0.0586548 -0.00707661
1.19238  -0.109375 1.296e-05
1.09305  -0.0683594 0.0001494
1.06908  -0.0102539 0.000494626
1.09918  -0.142456 -0.000591667
1.11502  -0.113281 0.000229336
1.11246  -0.0424805 0.00103009
1.14853  -0.0817871 0.000471239
1.08545  -0.0996094 -3.71755e-05
1.0173  -0.0751953 -0.000217817
1.06616  -0.0859375 -3.64774e-05
1.03586  -0.107422 -0.000232478
1.18614  -0.0405273 0.000211185
1.03922  -0.0321045 0.000629017
1.0979  -0.184326 0.00106971
1.01978  -0.249023 0.00011205
1.08334  -0.0255127 -0.000591318
1.31416  -0.144043 0.00116867
1.25732  -0.236328 -4.36332e-05
1.0874  -0.168457 0.000150098
1.04303  -0.116577 0.000821701
1.03996  -0.0983887 0.000780686
1.10278  -0.154297 -3.9619e-05
1.18207  -0.110962 -0.000607375
1.1167  -0.057373 0.00119381
1.16669  -0.0161133 0.000397935
0.948883  -0.264954 -0.000989602
1.09607  -0.143555 -0.000188496
1.03281  -0.119873 0.000296008
1.08192  -0.117798 0.000769341
1.14572  -0.125 0.000328122
1.0267  -0.10498 0.000883137
1.18758  -0.153839 0.00310389
1.0488  -0.118652 0.000431969
1.06641  -0.126953 -3.82227e-05
1.04623  -0.131096 0.0147096
0.980928  -0.0974884 -0.00943682
1.10982  -0.121544 -0.0164494
1.15939  -0.131142 -0.0132512
1.24967  -0.14492 0.0161464
1.12122  -0.123344 0.0104371
-0.0493622  0.00563049 0.000691325
0  0 -7.60964e-05
0  0 0.000501433
0  0 4.06662e-05
0  0 0.00106535
0  0 -0.000666018
0  0 1.35e-05
0  0 -7.88889e-05
0  0 -7.88889e-05
0  0 0.000115192
0  0 0.000116763
0  0 0.000512778
0  0 -7.71436e-05
0  0 -0.000243997
0  0 0.000192859
0  0 -0.00042237
0  0 -0.000123569
0  0 0.000187623
0  0 1.236e-05
0  0 0.000600393
0  0 3.97935e-05
0  0 -0.000462861
0  0 0.000148702
0  0 1.32e-05
0  0 -0.000390954
0  0 1.338e-05
0  0 -0.000266337
0  0 0.000454484
0  0 -0.000154287
0  0 0.000230383
0  0 0.000116763
0  0 0.000431969
-0.721273  0.0831223 0.00796341
-1.14268  0.161201 -0.00991801
-1.03419  0.142578 0.00259914
-1.08981  0.151352 -0.00818036
-1.0686  0.148994 -0.0126327
-1.09837  0.124268 0.0135717
-1.1622  0.156982 0.000872665
-1.16693  0.189056 -0.00479774
-1.11484  0.157166 -0.00207345
-1.10156  0.164062 1.362e-05
-1.14606  0.155762 -0.000433889
-1.03827  0.12793 0.000194604
-1.21761  0.144043 0.000802851
-1.13672  0.140625 1.344e-05
-1.15872  0.136963 -0.000318348
-1.0451  0.178467 -0.000315556
-1.03157  0.0761719 -0.000806342
-1.0199  0.101562 7.29548e-05
-1.09534  0.104004 0.000150098
-1.05475  0.143066 0.000435634
-1.04199  0.125 1.284e-05
-1.11577  0.12793 -0.000679457
-1.13837  0.0991211 0.000203331
-1.17957  0.134766 -0.000323933
-1.05615  0.242188 -3.85718e-05
-1.08716  0.260742 -7.9587e-05
-1.12692  0.144165 -0.000813672
-1.05536  0.171082 -0.0011034
-1.03902  0.156738 0.000742812
-1.02386  0.147461 -0.000322537
-1.06316  0.0603027 -0.000316952
-1.11406  0.0593262 -0.000380482
-1.00244  0.138672 -3.94444e-05
-1.17749  0.152344 4.04916e-05
-1.19507  0.134521 -0.000492183
-1.14441  0.0625 0.000150098
-1.11328  0.0703125 1.308e-05
-1.09947  0.0938721 -0.000628319
-1.09027  0.0860596 0.000544892
-1.19038  0.0690918 -0.000731991
-1.117  0.0966797 -0.000208567
-1.11565  0.196854 -0.0116516
-1.04458  0.101669 -0.00795556
-1.08069  0.0826721 0.0060172
-1.09075  0.144379 -0.00994401
-1.23568  0.139702 0.0125114
-1.17033  0.165176 -0.0106418
-1.07392  0.0264587 0.0124301
-1.14013  0.130714 0.00914832
-1.10036  0.169067 -0.0029318
-1.07654  0.0844727 -0.000147306
-1.23104  0.0301514 -0.000725708
-1.19093  0.142456 0.000667588
-1.11014  0.153809 -0.00187291
-1.10668  0.0683594 0.00076236
-1.02133  0.0915527 -0.0018785
-1.02011  0.0721436 -0.00487017
-1.09009  0.105103 0.00130725
-1.21374  0.120209 0.00303338
-1.03116  0.1073 -0.00138858
-1.07331  0.110138 -0.00767945
-1.02391  0.0839386 0.00477784
-1.17327  0.106506 0.00397289
-1.14847  0.136581 0.00575889
-1.06296  0.124298 -0.00609015
-1.14986  0.078125 0.00758782
-1.10087  0.0997314 0.00663504
-1.09397  0.144455 0.00486947
-1.10119  0.143448 -0.0121196
-1.15385  0.0821075 0.00746111
-1.02272  0.0743179 0.00915268
-1.09429  0.114517 -0.00592888
-1.18182  0.153564 0.0022054
-1.26387  0.160767 0.00104283
-1.10822  0.105934 0.00915198
-1.04426  0.146011 -0.00712967
-1.08543  0.13382 0.00864043
-0.996963  0.117691 -0.00930016
-1.05689  0.130119 -0.00982551
-1.17492  0.12851 -0.0059308
-1.31074  0.158714 0.0102667
-1.23944  0.151611 -0.00136275
-1.1563  0.111816 0.00103009
-1.05801  0.114868 -0.00117408
-1.18137  0.118286 -0.0014577
-1.07837  0.106445 -0.000322537
-0.958618  0.12207 -0.00057526
-1.14337  0.13623 0.000510509
-1.05188  0.132812 -0.000157778
-1.09521  0.125 4.10152e-05
-1.1642  0.134155 -0.000879297
-1.06589  0.137085 0.000879646
-1.1637  0.14502 0.000153589
-1.00069  0.139038 -0.000683122
-1.13535  0.115356 -0.000700575
-1.05821  0.113159 0.000568105
-1.28906  0.146484 -4.08407e-05
-1.23753  0.142395 0.00124128
-1.07257  0.116699 0.00016057
-1.04489  0.141357 0.000975639
-0.99765  0.111816 0.000410851
-1.17011  0.136993 0.00243002
-1.1885  0.146545 -0.00412491
-1.0842  0.0994873 -0.000697434
-1.13297  0.104675 0.00170065
-1.07178  0.125 4.01426e-05
-1.04688  0.132812 1.29e-05
-1.11816  0.140625 1.32e-05
-1.0155  0.12085 -0.000456578
-1.15046  0.118774 0.00102556
-1.091  0.128418 -0.000156382
-1.09845  0.105225 0.000392699
-1.06683  0.124268 -0.000688009
-1.19998  0.136719 -0.00115331
-1.16675  0.109863 0.000359712
-1.06689  0.0859375 1.254e-05
-1.12723  0.092041 -0.000308574
-1.09488  0.108643 0.000375246
-1.16159  0.109985 0.000756077
-1.05956  0.0994873 -0.000530231
-1.07983  0.0932617 -0.000192859
-1.01172  0.0996094 -3.9619e-05
-1.16492  0.128418 0.000159872
-1.12956  0.121704 -0.000581195
-1.06462  0.102661 -0.000875457
-1.0686  0.109375 -7.64454e-05
-1.05608  0.0935059 -0.000394444
-1.04919  0.115234 -0.00011781
-1.19513  0.0749512 -0.000530929
-1.19406  0.0788574 0.000511032
-1.08858  0.0983887 -0.00052866
-1.14667  0.104736 0.000314159
-1.17157  0.113037 -0.000361283
-1.08934  0.0970459 0.00202388
-1.05374  0.153534 0.00582399
-1.06079  0.169464 0.00251799
-1.11365  0.179199 -0.00016057
-1.20885  0.169952 -0.00291767
-1.03038  0.151245 0.00244102
-1.08412  0.154907 -0.000971101
-1.12956  0.162598 -0.00108978
-1.04456  0.143921 -0.000938114
-1.06403  0.145996 0.000229336
-1.04706  0.133789 -0.000314159
-1.23212  0.146484 -0.000176627
-1.10645  0.148438 1.428e-05
-1.1577  0.145264 -0.000994838
-1.0376  0.119141 3.71755e-05
-1.13693  0.114502 0.000487994
-1.18018  0.128906 -0.000121475
-1.14386  0.140869 -0.000984366
-1.12061  0.130859 -4.01426e-05
-1.10522  0.134766 7.92379e-05
-1.13595  0.123901 -0.00101665
-1.29919  0.133301 -0.000299324
-1.12732  0.13623 -0.000148702
-1.07666  0.124512 0.000231431
-1.06232  0.120605 -0.000304385
-1.02539  0.116882 -0.00222704
-1.06228  0.12085 0.0041853
-1.10381  0.151306 -0.0011308
-1.16519  0.166382 -0.000602139
-0.932037  0.107422 0.000383972
-1.16968  0.131836 0.000125664
-1.15076  0.247314 -0.000883137
-1.11964  0.172607 0.000725708
-1.21094  0.148438 1.32e-05
-0.997322  0.114563 -0.0011952
-1.19882  0.119385 -0.000394444
-1.22687  0.156006 -0.000566883
-1.09229  0.214844 -3.9619e-05
-1.0697  0.290527 -0.000236667
-1.07361  0.108398 -7.67945e-05
-1.05054  0.136719 -3.76991e-05
-1.08276  0.125 7.4351e-05
-1.13516  0.026123 -0.000371755
-1.00589  0.111084 -0.000315556
-1.13275  0.107178 -0.000323933
-1.12715  0.113892 -0.000725708
-1.04938  0.151855 0.000197222
-1.11737  -0.0866699 -0.000305782
-1.06862  0.0450439 -0.000656593
-1.14085  0.155884 0.00133518
-1.08215  0.119873 0.000271224
-1.11647  0.0976562 -0.00103201
-1.17361  0.0898438 -0.000521853
-1.10131  0.0948486 0.00116867
-1.15598  0.119629 0.000266337
-1.11035  0.109375 1.308e-05
-1.0464  0.0959473 -0.000430049
-1.12695  0.09375 1.326e-05
-1.14746  0.0952148 -0.000188496
-1.18387  0.107666 0.000389208
-1.16094  0.11676 -0.00139277
-0.974068  0.0571289 -0.000798663
-1.13956  0.0612793 0.000700575
-1.23244  0.0976562 0.000389208
-1.02227  0.10199 -0.00137602
-1.14947  0.129822 0.00196943
-1.0401  0.0522766 -0.00271224
-1.10428  0.0947266 0.000394444
-1.21603  0.131104 -0.00037542
-1.00822  0.0872803 -0.00071
-1.00203  0.0446777 -0.000615752
-1.04852  0.0458984 -7.47001e-05
-1.18338  0.00976562 -7.74926e-05
-1.1347  0.0830078 -8.09833e-05
-1.1297  0.0537109 -0.000462861
-1.18164  0.0703125 1.332e-05
-1.16969  0.0754395 -0.000750841
-1.22705  0.09375 1.386e-05
-0.951294  0.0688477 -0.000780686
-1.04004  0.0527344 -0.000232478
-1.03619  0.0327148 -0.000154287
-1.29616  0.0541992 0.00118438
-1.26698  0.0663452 0.00402927
-1.08604  0.0767365 -0.0117014
-0.989287  -0.0137634 0.0114591
-1.0593  0.00687408 0.0105181
-1.10296  0.0732117 0.00618265
-1.00169  0.0662994 -0.00900136
-1.02912  0.0401382 -0.00875981
-1.18285  0.0368652 -0.0109652
-1.06417  0.011322 0.0092033
-1.059  0.049942 0.00536444
-1.06772  0.118317 -0.0048761
-1.10707  0.0874023 -0.000908967
-1.06243  0.0617676 0.000681726
-1.07729  0.0736084 -0.000773355
-1.13867  0.0703125 1.338e-05
-1.06152  0.0759277 -0.000378736
-1.06818  0.0454102 -0.000304385
-1.16476  0.0693359 -0.000238761
-1.19186  0.115967 -0.0013069
-1.09921  0.0969238 0.000392699
-1.08655  0.0683594 -0.000116239
-1.08464  0.0245361 -0.00103603
-1.09674  0.0876465 -0.000337721
-1.12077  0.106934 -0.000921534
-1.09813  0.108337 0.00153153
-1.12791  0.0830078 -0.000385718
-1.1214  0.0610352 0.000239808
-1.25478  0.102295 -0.000515221
-1.18748  0.108032 -0.00191131
-1.17846  0.0933838 -0.001653
-1.12052  0.0759277 0.000839329
-1.09019  0.0870361 -0.000583813
-1.12646  0.09375 1.326e-05
-1.00473  0.0881348 -0.000562869
-1.25429  0.107666 -0.000429351
0.0491104  -0.00378418 0.000161268
-0.0497208  0.00424194 -0.000122522
0  0 0.000522901
0  0 0.000197222
0  0 -0.000157778
0  0 0.000231431
0  0 0.000211185
0  0 0.000653451
0  0 -0.000554666
0  0 0.000295659
0  0 -0.000547335
0  0 -0.000506844
0  0 1.578e-05
0  0 8.97099e-05
0  0 -0.000155683
0  0 -0.000249233
0  0 3.82227e-05
0  0 0.000142419
0  0 -0.000319744
0  0 -0.000193732
0  0 0.000120428
0  0 -0.000601266
0  0 -0.000501433
0  0 -0.000337896
0  0 -0.000382227
0  0 0.000688358
0  0 -0.000325329
0  0 0.00025028
0  0 7.99361e-05
0  0 0.000490088
0  0 -4.08407e-05
0  0 3.97935e-05
0  0 -0.000146608
0  0 -0.972847
0  0 8.72665e-05
0  0 2.47837e-05
0  0 -9.77384e-05
0  0 3.21141e-05
0  0 0.000153589
0  0 6.48e-06
0  0 -0.000157778
0  0 -0.000225147
0  0 0.000623955
0  0 -5.37561e-05
0  0 0.000610167
0  0 0.000914203
0  0 -0.000352557
0  0 0.000389732
0  0 0.000405091
0  0 -0.00025412
0  0 -7.50492e-05
0  0 -0.00026145
0  0 0.000147306
0  0 -0.000458323
0  0 -7.47001e-05
0  0 -0.000316952
0  0 -0.000154985
0  0 -0.000158476
0  0 0.000278555
0  0 0.000114668
0  0 7.4002e-05
0  0 0.000211534
0  0 1.212e-05
0  0 0.00107024
0  0 1.29e-05
0  0 0.000142419
0  0 -0.000446106
0  0 -0.000510509
0  0 1.23e-05
0  0 -0.000573341
0  0 0.000191114
0  0 0.000490088
0  0 1.23e-05
0  0 -0.000646819
0  0 1.248e-05
0  0 -0.000254469
0  0 0.000535467
0  0 -7.50492e-05
0  0 3.85718e-05
0  0 7.50492e-05
0  0 -0.000146608
0  0 0.000146608
0  0 -0.000316952
0  0 -0.000452389
0  0 7.74926e-05
0  0 -0.000682424
0  0 0.000448201
0  0 -0.000371755
0  0 -0.000252898
0  0 0.000450295
0  0 -0.000249233
0  0 -0.000112574
0  0 -0.000328296
0  0 -0.00018675
0  0 0.000304385
0  0 0.000318872
0  0 -0.00024295
0  0 1.362e-05
0  0 0.000408931
0  0 -7.22566e-05
0  0 8.34267e-05
0  0 -0.000291994
0  0 -0.00056444
0  0 0.000148004
-0.125706  -0.00744617 0.132718
0.0429496  0.00680536 0.0865907
-0.128213  -0.0274673 0.0514148
-0.0428021  -0.0115972 0.0594278
0  0 0.0698062
0  0 0.0624177
0  0 0.064388
0.0371093  0.0218525 0.0627198
0.036287  0.0247406 0.0611214
-0.0754905  -0.0598925 0.064255
-0.063486  -0.0569422 0.0555364
-0.0306284  -0.031475 0.064537
-0.0292256  -0.0344747 0.0698949
0.0516624  0.0699768 0.0673641
0  0 0.0714925
0.0437346  0.0791106 0.0629017
-0.0394324  -0.0827589 0.0646924
-0.032195  -0.0826358 0.0693021
-0.0127948  -0.0415663 0.0666164
-0.0100865  -0.0416504 0.0529023
0.0156133  0.0873012 0.0685761
0.0153766  0.134072 0.0656247
-0.00720954  -0.175522 0.0654718
0  0 0.0813282
0.0177226  -0.217815 0.0538478
0  0 0.0536193
0  0 0.0673008
-0.0419812  0.146302 0.0792976
-0.0613503  0.155215 0.092655
-0.103647  0.210354 0.0719564
-0.0706072  0.121706 0.0692686
-0.0741128  0.109705 0.0642361
0.0533344  -0.0697874 0.0674133
0.0873154  -0.103732 0.0676748
0.06206  -0.0657242 0.0642337
-0.0321824  0.0305087 0.061134
-0.0708473  0.0588505 0.0596023
0  0 0.0670486
0  0 0.0604024
0  0 0.0512743
-0.0398011  0.0180508 0.0705567
0  0 0.0622339
0.0441944  -0.0136809 0.0621128
0.0436492  -0.0108857 0.0540244
0  0 0.0608151
0  0 0.0581858
0  0 0.055628
-0  0 0.0494864
0  0 0.0664785
-0.0474219  -0.00720185 0.0747699
0.043454  0.00985235 0.0663159
-0.0417258  -0.0122706 0.0591394
0.0365798  0.0129502 0.0454875
0  0 4.56662
0  0 6.75442e-05
0  0 -4.36332e-05
0  0 3.78e-06
0  0 -4.32842e-05
0  0 0.000154462
0  0 0.000153938
0  0 0.00017017
0  0 8.55211e-05
0  0 2.89725e-05
0  0 -8.79646e-05
0  0 3.00197e-05
0  0 -0.00025412
0  0 0.000217817
0  0 7.74926e-05
0  0 -0.000356047
0  0 7.62e-06
0  0 2.14675e-05
0  0 4.53786e-05
0  0 0.000232478
0  0 -0.000208043
0  0 0.000115192
0  0 -2.77507e-05
0  0 -0.000537212
0  0 1.026e-05
0  0 0.000587478
0  0 -0.000194779
0  0 0.00010472
0  0 0.000179769
0  0 -0.000145211
0  0 0.000311018
0  0 0.000684867
0  0 0.000429351
0  0 7.78417e-05
0  0 -4.06662e-05
0  0 0.000111003
0  0 -0.000646819
0  0 0.000294612
0  0 0.000174533
0  0 -0.000354302
0  0 1.29e-05
0  0 7.01622e-05
0  0 -0.000416785
0  0 -0.000140324
0  0 -0.00027646
0  0 -0.000802851
0  0 -0.000105418
0  0 -0.00637324
0  0 -1.43117e-05
0  0 9.0059e-05
0  0 4.01426e-05
0  0 -1.22173e-05
0  0 0.000192859
0  0 4.2586e-05
0  0 -7.81908e-05
0  0 9.21534e-05
0  0 4.24115e-05
0  0 5.04e-06
0  0 -0.000109956
0  0 -1.8326e-05
0  0 0.000333009
0  0 -0.000169646
0  0 -9.07571e-05
0  0 8.58702e-05
0  0 -0.000549081
0  0 -0.000393746
0  0 0.000431969
0  0 0.000324631
0  0 0.000329867
0  0 -0.000318872
0  0 1.266e-05
0  0 0.000650659
0  0 -0.000640885
0  0 7.4351e-05
0  0 1.35e-05
0  0 -0.000228289
0  0 -3.78736e-05
0  0 0.000499164
0  0 7.29548e-05
0  0 -8.09833e-05
3.08594  0.625 1.428e-05
1.004  0.194397 0.00129364
1.94591  0.308716 -0.00207345
2.04286  0.360962 -0.00184254
2.01074  0.435547 0.000105243
2.01002  0.4711 0.00690313
1.97128  0.366697 0.062814
2.00043  0.672043 0.0532713
1.71952  0.963989 0.0525164
1.84128  0.816288 0.0569367
1.71104  0.868652 0.045204
1.764  1.27097 0.0783984
1.64018  1.09335 0.0632863
1.49916  1.15063 0.0767084
1.40967  1.38172 0.069213
1.18088  1.5903 0.0809822
1.36287  1.46922 0.0660433
1.29449  1.45486 0.0760686
0.816164  1.9653 0.0694603
0.87565  1.66984 0.0620936
0.942446  1.8742 0.0647604
0.620567  1.98714 0.0683619
0.44779  1.86287 0.0679574
0.470655  1.71867 0.0560575
-52.1535  -17.7556 4.01889
0  0 -0.0898181
0  0 -8.02851e-05
0  0 -1.78024e-05
0  0 -0.000185878
0  0 4.68e-06
0  0 -0.000331613
0  0 -0.000141721
0  0 0.000124617
0  0 -0.000226893
0  0 0.000253073
0  0 9.91347e-05
0  0 0.000268781
0  0 -0.000123046
0  0 0.000229336
0  0 0.000253073
0  0 8.7e-06
0  0 0.00017174
0  0 5.48033e-05
0  0 5.89921e-05
0  0 -0.000267035
0  0 6.31809e-05
1.39193  -0.317963 -0.00288922
1.0528  -0.548828 0.000837758
0.918945  -0.383789 -7.08604e-05
0.970459  -0.22168 0.000212581
0.970764  -0.242188 0.000284838
1.08435  -0.278198 0.000659734
1.08841  -0.287964 0.000767945
0.939392  -0.24585 0.00043354
0.956726  -0.25708 0.000458323
0.966064  -0.259766 -0.000106814
0.969482  -0.294617 0.000980177
0.988708  -0.260986 0.000266337
0.986023  -0.254639 0.000347321
0.950226  -0.243042 0.000837758
1.07611  -0.289551 0.000736703
0.995605  -0.258057 0.000245568
1.04541  -0.257812 7.05113e-05
0.946777  -0.218262 0.000189368
1.01099  -0.220703 0.000184132
1.02548  -0.221069 -0.000608247
1.06183  -0.196045 0.000331438
0.987793  -0.187256 -0.000429351
0.953613  -0.189941 0.000132645
0.432129  -0.0957031 -2.89725e-05
