 19 122.888 -5.91996 86.966 -0.329448 80.7032 -36.1698 116.769 -41.9258 101.794 -21.0874 4.47783   0.00226893  137.014  
 19 122.177 -6.18536 86.242 -0.720765 80.1749 -36.4219 116.036 -42.2427 101.017 -21.3017 4.69106   -0.0010472  0.161  
 19 121.383 -6.07033 85.7246 -0.812656 79.2617 -36.3904 115.514 -42.1606 100.443 -21.2822 5.33076   0.000698132  0.12  
 19 121.062 -6.17425 85.0795 -0.702454 78.8657 -36.3332 114.822 -42.1261 99.8994 -21.3095 5.11753   0  0.118  
 19 120.315 -6.22806 84.6217 -0.908186 78.3073 -36.5414 114.439 -42.3646 99.4089 -21.4302 4.9043   0.00122173  0.121  
 19 119.32 -6.33033 83.7196 -1.0195 77.4851 -36.693 113.611 -42.4193 98.5041 -21.5861 4.9043   0.00139626  0.141  
 19 118.757 -6.45568 82.8364 -1.12875 76.8917 -36.793 112.685 -42.5452 97.7503 -21.7101 4.69106   0.00191986  0.12  
 19 118.128 -6.59011 82.283 -1.0888 76.0451 -36.8756 111.985 -42.4784 97.0334 -21.7295 4.9043   0.0010472  0.119  
 19 117.374 -6.63473 81.5745 -1.20613 75.4669 -36.9802 111.482 -42.6886 96.4428 -21.8452 4.9043   -0.000523599  0.121  
 19 116.797 -6.70522 80.9695 -1.27241 74.8062 -36.9946 110.708 -42.709 95.7487 -21.9063 5.33076   0.00244346  0.139  
 19 116.162 -6.81737 80.4037 -1.24303 74.1047 -37.1074 110.063 -42.6262 95.112 -21.9003 4.9043   0.00279253  0.12  
 19 115.403 -6.85841 79.6835 -1.29936 73.4469 -36.9899 109.504 -42.7768 94.4704 -21.9674 4.9043   0.00244346  0.12  
 19 114.81 -6.927 78.9211 -1.55636 72.7899 -37.3284 108.745 -42.7885 93.6877 -22.0838 5.11753   0.000523599  0.14  
 19 114.012 -6.82432 78.2344 -1.41926 72.1331 -37.2034 108.085 -42.734 93.0905 -21.9872 4.9043   -0.000174533  0.121  
 19 113.071 -6.95614 77.3896 -1.84659 71.3473 -37.3811 107.226 -42.9005 92.2518 -22.2285 5.11753   0.00226893  0.119  
 19 112.703 -7.06218 76.9835 -1.64576 70.8201 -37.3277 106.636 -42.9396 91.6448 -22.1676 5.11753   0.0010472  0.121  
 19 111.847 -7.08658 76.1586 -1.68087 69.8895 -37.375 105.753 -42.8646 90.8612 -22.1982 5.54399   -0.000349066  0.04  
 19 111.089 -7.2524 75.352 -1.90543 69.3179 -37.5034 105.21 -43.2163 90.212 -22.4195 4.9043   0.00174533  0.021  
 19 110.6 -7.17371 74.8275 -1.86876 68.7821 -37.4476 104.526 -43.0914 89.6053 -22.3593 4.69106   0.00715585  0.039  
 19 109.746 -7.21084 74.0503 -1.81867 67.805 -37.3769 103.633 -43.0628 88.7505 -22.2897 4.69106   0.00715585  0.022  
 19 109.678 -7.19148 73.8732 -1.8818 67.7187 -37.4249 103.57 -43.0567 88.5783 -22.3004 5.11753   0.00226893  0.022  
 19 109.558 -7.17371 73.7854 -1.86876 67.7432 -37.4288 103.492 -43.0445 88.4972 -22.2902 5.11753   -0.000174533  0.035  
 19 109.349 -7.30392 73.5768 -1.95166 67.5176 -37.5256 103.251 -43.1894 88.3939 -22.4674 5.11753   -0.000174533  0.022  
 19 109.15 -7.27413 73.447 -1.93224 67.3182 -37.4939 103.251 -43.1893 88.2661 -22.4425 5.33076   0.000523599  0.042  
 19 108.893 -7.01785 73.2504 -1.67629 67.1894 -37.3209 103.059 -42.8945 88.0677 -22.1726 4.69106   0.00436332  0.016  
 19 108.757 -7.09211 73.0934 -1.69009 66.9896 -37.352 102.853 -42.8689 87.8733 -22.1651 4.69106   0.00436332  0.023  
 19 108.798 -7.22501 73.0221 -1.82074 66.9314 -37.245 102.68 -43.1488 87.8475 -22.2693 4.9043   -0.00279253  0.018  
 19 108.655 -7.07905 73.0087 -1.81618 66.7507 -37.447 102.552 -42.9127 87.6743 -22.2592 4.9043   -0.00279253  0.041  
 19 108.43 -7.1922 72.7933 -1.77287 66.6362 -37.4186 102.398 -43.0364 87.4339 -22.2545 4.9043   0.00191986  0.021  
 19 108.504 -7.24135 72.549 -1.83774 66.7001 -37.448 102.314 -43.0711 87.3861 -22.2865 5.11753   -0.000523599  0.02  
 19 108.185 -7.20905 72.4659 -1.88041 66.4356 -37.4502 102.274 -43.2021 87.3124 -22.4177 5.11753   -0.000523599  0.021  
 19 107.856 -6.98444 72.3087 -1.75994 66.0961 -37.3129 102.017 -42.8945 87.0416 -22.1869 4.9043   0.00488692  0.04  
 19 107.838 -7.05349 72.2076 -1.49911 65.9177 -37.1756 101.762 -42.8963 86.8819 -22.1033 4.47783   0.00174533  0.019  
 19 107.73 -7.18199 71.9963 -1.72643 65.8759 -37.3229 101.63 -42.9978 86.7747 -22.2245 4.69106   0.000698132  0.038  
 19 107.733 -7.09679 71.9662 -1.81612 65.6685 -37.2647 101.429 -43.0835 86.6743 -22.262 4.69106   0.000698132  0.022  
 19 107.56 -7.14978 71.8652 -1.65021 65.7184 -37.3746 101.494 -42.8506 86.5947 -22.2086 5.33076   0.0010472  0.04  
 19 107.503 -7.2792 71.7516 -1.77114 65.6045 -37.3584 101.3 -43.0232 86.4097 -22.2451 5.33076   0.0010472  0.017  
 19 107.015 -7.1742 71.3824 -1.81902 65.2598 -37.3449 101.144 -42.9207 86.1272 -22.3046 5.11753   0.00401426  0.026  
 19 106.886 -7.04604 71.279 -1.55989 65.3016 -37.2746 101.048 -42.7735 86.077 -22.1587 4.47783   -0.00174533  0.039  
 19 106.859 -7.14272 71.1753 -1.62307 65.1053 -37.3209 100.846 -42.8744 85.9366 -22.1831 4.69106   0.0020944  0.017  
 19 106.662 -7.15845 71.1292 -1.70497 64.8568 -37.2822 100.77 -42.8626 85.8049 -22.2023 4.69106   0.0020944  0.039  
 19 106.652 -6.99447 70.9853 -1.64916 64.8262 -37.1677 100.543 -42.868 85.7341 -22.0808 5.75722   -0.000872665  0.022  
 19 106.494 -7.09056 70.7886 -1.84282 64.541 -37.3235 100.275 -42.9226 85.4177 -22.1877 5.33076   0.00314159  0.02  
 19 106.301 -7.15426 70.4982 -1.84485 64.5622 -37.3584 100.235 -43.0197 85.2984 -22.2308 4.9043   0.00314159  0.037  
 19 105.981 -7.01312 70.2734 -1.47975 64.3145 -37.2292 100.078 -42.7706 85.1133 -22.0949 4.9043   0.00314159  0.023  
 19 105.798 -6.8259 70.2684 -1.50902 64.0514 -37.0875 99.9504 -42.7854 84.9934 -22.0009 4.69106   0.00244346  0.043  
 19 105.766 -6.9802 70.1369 -1.51172 63.9607 -37.1744 99.7089 -42.7134 84.8491 -22.0333 4.69106   0.00244346  0.013  
 19 105.682 -6.96735 70.0013 -1.4909 63.8956 -37.1643 99.5972 -42.6961 84.7564 -22.0167 4.69106   0.00401426  0.023  
 19 105.549 -6.96152 69.9559 -1.39864 63.6917 -37.0651 99.4601 -42.7127 84.621 -21.9821 5.33076   0.000872665  0.042  
 19 105.265 -7.11727 69.6908 -1.63628 63.5227 -37.3453 99.2359 -42.7686 84.2931 -22.1375 5.33076   0.000872665  0.02  
 19 105.226 -7.03459 69.434 -1.6071 63.4592 -37.2582 99.1513 -42.7884 84.2562 -22.1453 5.33076   0.00366519  0.02  
 19 104.972 -6.92583 69.3562 -1.38301 63.2386 -37.1701 99.1081 -42.6249 84.0895 -21.9948 4.2646   0.00122173  0.039  
 19 104.731 -6.98081 69.2315 -1.47975 63.0094 -37.0875 98.9084 -42.7854 83.927 -22.0544 4.2646   0.00122173  0.016  
 19 104.706 -6.97694 69.1338 -1.46462 62.9566 -37.1803 98.7473 -42.7259 83.8364 -22.0498 5.11753   0.00366519  0.027  
 19 104.691 -6.86643 69.0836 -1.48708 62.8043 -37.1032 98.6021 -42.6184 83.7416 -21.9692 5.33076   -0.0010472  0.037  
 19 104.461 -7.01437 68.9011 -1.47099 62.6415 -37.1112 98.322 -42.7163 83.5504 -22.028 5.33076   -0.0010472  0.018  
 19 104.219 -7.13994 68.6647 -1.54369 62.4937 -37.27 98.1884 -42.8007 83.2522 -22.0842 5.11753   -0.0010472  0.023  
 19 103.918 -6.99425 68.392 -1.6071 62.4172 -37.2582 98.041 -42.7779 83.1286 -22.1253 4.9043   0.00244346  0.04  
 19 103.785 -6.83415 68.221 -1.29936 62.008 -36.8549 97.7552 -42.6636 82.8918 -21.8704 4.69106   0.00366519  0.039  
 19 103.762 -6.81645 68.206 -1.38527 62.008 -36.8549 97.7156 -42.6571 82.8672 -21.9014 4.69106   0.00366519  0.017  
 19 103.612 -6.88425 68.0694 -1.32913 61.7877 -36.9591 97.5255 -42.6236 82.6973 -21.8676 5.11753   -0.000698132  0.026  
 19 103.56 -6.79426 67.9689 -1.33154 61.613 -36.9314 97.4599 -42.6132 82.6134 -21.8487 5.11753   0.000523599  0.036  
 19 103.49 -6.80908 67.8668 -1.42726 61.6229 -36.978 97.3717 -42.7375 82.5623 -21.9569 5.11753   0.000523599  0.018  
 19 103.205 -6.9752 67.6406 -1.44035 61.4928 -37.0316 97.1618 -42.709 82.2413 -21.9433 5.11753   0.00488692  0.024  
 19 103.073 -6.7704 67.4108 -1.244 61.4415 -36.8625 97.0497 -42.5707 82.1721 -21.8293 4.9043   0.00191986  0.039  
 19 102.735 -6.71793 67.1922 -1.21013 61.2557 -36.825 96.9747 -42.5738 81.9766 -21.7647 4.9043   0.00191986  0.018  
 19 102.672 -6.82316 67.179 -1.29936 60.966 -36.8549 96.8407 -42.6843 81.8611 -21.8855 5.33076   -0.00174533  0.04  
 19 102.729 -6.65779 67.171 -1.34459 60.9566 -36.9082 96.7236 -42.5379 81.8328 -21.7878 5.75722   -0.00244346  0.039  
 19 102.582 -6.81231 67.0375 -1.27117 60.7696 -36.823 96.483 -42.6262 81.6525 -21.8214 5.11753   0.00366519  0.022  
 19 102.443 -6.84171 66.819 -1.45984 60.5887 -36.9331 96.341 -42.6712 81.5003 -21.9138 4.9043   0.00296706  0.018  
 19 102.193 -6.7107 66.6135 -1.2289 60.3004 -36.8061 96.0031 -42.5438 81.1181 -21.759 4.9043   0.00296706  0.04  
 19 101.932 -6.6705 66.2655 -1.17529 60.1828 -36.7584 95.9395 -42.4262 80.9916 -21.7307 4.69106   0.00226893  0.024  
 19 101.68 -6.69522 66.1238 -1.37427 59.9146 -36.9082 95.6815 -42.5379 80.7824 -21.8167 4.69106   0.0010472  0.039  
 19 101.607 -6.70468 66.0084 -1.18815 59.949 -36.7743 95.6701 -42.6105 80.7362 -21.7647 4.69106   0.0010472  0.017  
 19 101.57 -6.81685 65.9955 -1.27116 59.718 -36.8773 95.5005 -42.5095 80.6151 -21.7872 5.33076   -0.00174533  0.024  
 19 101.468 -6.87484 65.8346 -1.30558 59.6613 -36.906 95.3705 -42.5898 80.5006 -21.8324 5.11753   0.0010472  0.037  
 19 101.215 -6.58193 65.6038 -1.16643 59.4674 -36.6918 95.1395 -42.4533 80.2318 -21.6548 5.11753   0.0010472  0.019  
 19 101.174 -6.57562 65.4455 -1.14237 59.3611 -36.6412 94.9868 -42.3951 80.1755 -21.6727 4.47783   0.00261799  0.04  
 19 100.912 -6.53583 65.2178 -1.10775 59.3132 -36.6711 94.9007 -42.4066 80.02 -21.642 4.69106   0.00191986  0.023  
 19 100.698 -6.64103 65.1182 -1.15909 59.0534 -36.6829 94.7934 -42.546 79.8674 -21.7313 5.33076   -0.00349066  0.018  
 19 100.713 -6.55153 65.1256 -1.1158 59.0623 -36.6306 94.8185 -42.3934 79.8667 -21.6611 5.33076   -0.00349066  0.04  
 19 100.585 -6.74612 65.0385 -1.22968 58.6909 -36.739 94.5367 -42.5955 79.6411 -21.7851 5.33076   0.00122173  0.021  
 19 100.489 -6.89288 64.8433 -1.23583 58.665 -36.8196 94.195 -42.593 79.487 -21.7708 5.11753   -0.000174533  0.041  
 19 100.082 -6.56796 64.5617 -1.16645 58.431 -36.6593 94.0581 -42.4134 79.1551 -21.6406 5.11753   -0.000174533  0.016  
 19 100.133 -6.56766 64.4312 -1.29658 58.3379 -36.6178 93.906 -42.6193 79.1078 -21.6987 4.9043   0.00279253  0.023  
 19 99.8875 -6.79958 64.2797 -1.27359 58.3166 -36.8551 93.9064 -42.5831 79.0041 -21.8388 5.11753   0.000349066  0.042  
 19 99.8339 -6.75281 64.066 -1.21011 58.1358 -36.7875 93.8361 -42.5413 78.8843 -21.7668 5.11753   0.000349066  0.017  
 19 99.8339 -6.75281 64.066 -1.21011 58.1358 -36.7875 93.8361 -42.5413 78.8925 -21.7523 4.9043   0.000349066  0.021  
 19 99.546 -6.82318 64.0528 -1.29936 57.8398 -36.8549 93.7146 -42.6843 78.7322 -21.8773 4.9043   0.00226893  0.041  
 19 99.4559 -6.81221 63.9114 -1.27116 57.6566 -36.7488 93.3795 -42.4982 78.5227 -21.745 4.9043   0.00226893  0.019  
 19 99.431 -6.59929 63.8732 -1.14206 57.519 -36.6882 93.3092 -42.4564 78.4803 -21.6584 4.47783   0.00174533  0.021  
 19 99.4816 -6.69626 63.7563 -1.09841 57.5207 -36.6024 93.1778 -42.4519 78.413 -21.6339 4.47783   0.00174533  0.016  
 19 99.322 -6.71067 63.7399 -1.19225 57.5016 -36.7109 93.1221 -42.464 78.2836 -21.6332 4.47783   0.00139626  0.041  
 19 99.3009 -6.66697 63.6621 -1.15425 57.3807 -36.6914 93.0167 -42.447 78.2293 -21.6206 5.54399   -0.00191986  0.024  
 19 99.0574 -6.7635 63.523 -1.10754 57.3321 -36.6239 92.864 -42.6193 78.0688 -21.7063 5.11753   0.00174533  0.035  
 19 98.9112 -6.77133 63.2426 -1.244 57.2799 -36.8231 92.9466 -42.555 77.9522 -21.7608 5.11753   0.00174533  0.026  
 19 98.5668 -6.71793 63.024 -1.21013 57.0875 -36.825 92.8065 -42.5738 77.7885 -21.7766 5.11753   0.000523599  0.039  
 19 98.5715 -6.72535 63.0399 -1.13267 56.8318 -36.6603 92.6036 -42.5286 77.6934 -21.7181 4.9043   0.0010472  0.019  
 19 98.4333 -6.89737 62.8724 -1.25381 56.6014 -36.8229 92.3476 -42.6315 77.4908 -21.8399 4.9043   0.0010472  0.038  
 19 98.4002 -6.89214 62.8724 -1.25381 56.6014 -36.8229 92.3156 -42.6263 77.4681 -21.8134 4.47783   0.00226893  0.023  
 19 98.3541 -6.8029 62.6352 -1.23466 56.5721 -36.7949 92.2381 -42.6269 77.3561 -21.7936 5.11753   -0.000349066  0.019  
 19 98.2751 -6.86441 62.6787 -1.30093 56.4274 -36.894 92.114 -42.6147 77.3152 -21.8565 5.11753   -0.000349066  0.037  
 19 98.035 -6.91236 62.4419 -1.37302 56.2951 -36.9591 91.9018 -42.6957 77.0274 -21.8695 5.33076   0.00139626  0.023  
 19 98.0102 -6.79316 62.2006 -1.244 56.2379 -36.8231 91.8349 -42.5438 76.9348 -21.7456 4.9043   0.00401426  0.019  
 19 97.7636 -6.67051 62.0201 -1.16341 56.183 -36.6557 91.7603 -42.4921 76.8594 -21.7088 4.9043   0.00401426  0.041  
 19 97.5587 -6.7232 61.9843 -1.21046 55.7753 -36.743 91.6702 -42.5281 76.694 -21.7514 4.69106   0  0.019  
 19 97.5085 -6.85118 61.9973 -1.13582 55.7701 -36.7725 91.5467 -42.6178 76.6186 -21.7625 4.9043   0.00296706  0.022  
 19 97.4651 -6.70869 61.8562 -1.19062 55.6947 -36.7685 91.4235 -42.5189 76.5439 -21.7601 4.9043   0.00296706  0.038  
 19 97.3499 -6.88267 61.6665 -1.3056 55.4931 -36.906 91.098 -42.5732 76.3356 -21.8458 5.11753   -0.0010472  0.024  
 19 97.2061 -6.89372 61.5022 -1.31329 55.4503 -36.9044 91.0135 -42.6054 76.2409 -21.8421 5.11753   0.00418879  0.013  
 19 97.2031 -6.74473 61.4242 -1.23214 55.3007 -36.6834 90.9194 -42.522 76.0962 -21.6858 5.11753   0.00418879  0.042  
 19 96.9824 -6.7107 61.2273 -1.2018 55.2847 -36.7548 90.79 -42.5605 75.9514 -21.7166 4.47783   -0.00296706  0.023  
 19 96.9617 -6.83068 61.1535 -1.27359 55.1892 -36.8625 90.7885 -42.5693 75.8701 -21.776 4.47783   -0.00139626  0.038  
 19 96.9682 -6.79316 61.2573 -1.25929 55.1559 -36.8572 90.7885 -42.5693 75.889 -21.7704 5.54399   0.00244346  0.019  
 19 96.7124 -6.93786 60.9138 -1.36651 54.9909 -36.8999 90.623 -42.6899 75.7508 -21.9291 5.54399   0.00244346  0.023  
 19 96.4579 -7.02641 60.9036 -1.29624 54.7832 -37.0051 90.4615 -42.6601 75.5981 -21.9595 5.33076   0  0.038  
 19 96.3474 -6.81496 60.6638 -1.25224 54.574 -36.8322 90.1478 -42.6127 75.3705 -21.7731 4.69106   0.00279253  0.018  
 19 96.2302 -6.67556 60.6182 -1.16697 54.3755 -36.7109 90.1018 -42.4811 75.2395 -21.6955 4.69106   0.00279253  0.023  
 19 96.1739 -6.83704 60.6257 -1.12417 54.384 -36.6622 89.9755 -42.5821 75.1638 -21.6716 4.47783   -0.00261799  0.039  
 19 96.1466 -6.82733 60.4641 -1.29787 54.2072 -36.8317 89.8702 -42.563 75.0346 -21.7691 5.11753   0.0010472  0.02  
 19 95.9701 -6.79998 60.3733 -1.28379 54.2323 -36.8357 89.8413 -42.5584 74.9585 -21.7759 5.11753   0.0010472  0.019  
 19 95.8963 -6.96557 60.1238 -1.20021 54.1471 -36.8625 89.7464 -42.5693 74.812 -21.7905 5.54399   -0.000174533  0.059  
 19 95.4733 -6.90719 59.8718 -1.36651 53.9339 -36.9896 89.5154 -42.653 74.646 -21.9297 4.69106   0.00244346  0.024  
 19 95.4185 -6.75292 59.895 -1.24003 53.6847 -36.7804 89.43 -42.5335 74.5386 -21.7586 4.69106   0.00244346  0.018  
 19 95.3375 -6.69865 59.7567 -1.1949 53.495 -36.7114 89.2541 -42.4746 74.3868 -21.7045 4.47783   -0.000174533  0.079  
 19 95.2658 -6.88267 59.5526 -1.30094 53.3082 -36.8547 89.0106 -42.5923 74.1866 -21.8338 4.69106   -0.000174533  0.139  
 19 95.1181 -6.85958 59.5526 -1.30094 53.3082 -36.8547 89.0098 -42.5922 74.1559 -21.8347 4.69106   0.00122173  0.16  
 19 95.1045 -6.82731 59.3762 -1.29074 53.2814 -36.8503 88.8281 -42.563 74.0096 -21.7582 5.11753   0.00436332  0.121  
 19 94.6398 -6.8705 58.841 -1.29911 52.9068 -36.8999 88.5389 -42.6899 73.666 -21.8898 5.11753   0.0010472  0.119  
 19 94.032 -7.00099 58.3874 -1.25625 52.1161 -36.871 87.7816 -42.5884 72.918 -21.8036 4.9043   -0.00349066  0.142  
 19 93.2693 -6.87264 57.7557 -1.16537 51.3966 -36.739 87.2424 -42.5955 72.319 -21.7859 5.11753   0.00331613  0.117  
 19 92.5172 -6.88641 56.9517 -1.1623 50.8068 -36.782 86.5418 -42.5412 71.6126 -21.7891 5.54399   -0.00139626  0.141  
 19 91.8506 -6.77744 56.2354 -1.1086 50.089 -36.6918 85.7837 -42.4569 70.8351 -21.6685 4.47783   0.00244346  0.14  
 19 91.2846 -6.85573 55.8133 -1.14679 49.5216 -36.7428 85.418 -42.5281 70.4224 -21.7785 5.11753   0  0.121  
 19 90.8086 -6.77742 55.2847 -1.12315 49.0223 -36.6878 84.7416 -42.4569 69.795 -21.6751 4.69106   0.00174533  0.14  
 19 90.1035 -6.69498 54.4494 -1.17988 48.1251 -36.6025 83.7997 -42.4503 69.0326 -21.6912 5.11753   0.000174533  0.139  
 19 89.4412 -6.93287 53.9797 -1.21765 47.6473 -36.815 83.4563 -42.5783 68.4593 -21.8064 4.69106   0.00174533  0.14  
 19 88.9675 -6.85116 53.4525 -1.14364 47.0941 -36.713 82.8825 -42.4932 67.9922 -21.7367 5.54399   0.0010472  0.12  
 19 88.478 -6.73819 52.8603 -1.06899 46.6308 -36.6272 82.3508 -42.4869 67.4876 -21.6816 5.11753   0.00139626  0.12  
 19 87.8436 -6.63721 52.2331 -0.969167 45.9486 -36.5166 81.5922 -42.2304 66.7297 -21.4995 4.05137   -0.000174533  0.143  
 19 87.342 -6.67726 51.8312 -1.0487 45.4464 -36.5888 81.3605 -42.3689 66.3796 -21.629 4.9043   0.00139626  0.117  
 19 86.8248 -6.50493 51.1818 -1.02187 44.9066 -36.5166 80.5502 -42.2305 65.723 -21.5504 5.11753   0.000523599  0.122  
 19 86.0226 -6.30403 50.4847 -0.781967 44.202 -36.3189 80.071 -42.012 65.1304 -21.3291 5.33076   -0.00453786  0.159  
 19 85.6177 -6.40304 50.0729 -0.879872 43.7063 -36.3999 79.5075 -42.0526 64.5416 -21.3664 4.47783   0.000523599  0.121  
 19 85.0066 -6.14744 49.4618 -0.671243 43.1873 -36.1694 79.0488 -41.8929 64.1416 -21.1794 5.54399   0.0010472  0.12  
 19 84.3526 -6.19182 48.7094 -0.518546 42.3826 -36.0843 78.3046 -41.7858 63.2715 -21.0319 5.33076   -0.000872665  0.138  
 19 83.7439 -6.18416 48.1896 -0.185013 41.8063 -35.938 77.524 -41.6924 62.7218 -20.9406 5.11753   -0.000698132  0.122  
 19 83.3156 -6.16186 47.6986 -0.342663 41.3406 -36.0843 77.2625 -41.7858 62.2296 -20.9947 5.11753   0.00436332  0.119  
 19 82.5289 -6.04238 46.9279 -0.202106 40.6562 -35.8197 76.3488 -41.6512 61.448 -20.8106 5.11753   -0.0015708  0.139  
 19 81.8466 -5.86685 46.3667 0.110505 40.0147 -35.4672 75.8747 -41.5483 60.9547 -20.6611 4.9043   -0.000349066  0.12  
 19 81.534 -5.92634 45.7971 -0.17463 39.6437 -35.7985 75.2816 -41.5257 60.3848 -20.7426 4.9043   0.00139626  0.12  
 19 80.7978 -5.63956 45.2331 0.0212263 38.951 -35.5124 74.7848 -41.2797 59.8523 -20.553 5.11753   -0.0010472  0.121  
 19 80.3361 -5.73259 44.5603 0.17568 38.331 -35.3814 73.97 -41.3855 59.109 -20.4706 4.69106   0.00139626  0.12  
 19 79.8138 -5.73971 44.178 0.0509332 37.7786 -35.5745 73.5743 -41.4467 58.7443 -20.6292 5.11753   0.00401426  0.1  
 19 79.2831 -5.58404 43.5041 0.0947892 37.2895 -35.3783 73.0932 -41.4195 58.1329 -20.5115 5.11753   -0.000872665  0.121  
 19 78.6515 -5.59784 42.8981 0.219773 36.6151 -35.4182 72.3709 -41.2218 57.5173 -20.4205 4.9043   -0.000349066  0.119  
 19 78.005 -5.39331 42.2415 0.108258 36.0726 -35.3521 71.9939 -41.261 56.9193 -20.3882 5.33076   -0.000174533  0.119  
 19 77.6518 -5.49052 41.9795 0.171391 35.6822 -35.2862 71.5576 -41.3302 56.6425 -20.4461 5.11753   0.00174533  0.123  
 19 76.9542 -5.44571 41.3296 0.0741511 35.0807 -35.43 70.9756 -41.1193 55.9103 -20.4216 4.9043   0.00139626  0.118  
 19 76.4025 -5.80723 40.7819 0.131729 34.474 -35.5481 70.3068 -41.4219 55.3471 -20.6133 4.47783   0.00139626  0.141  
 19 75.8678 -5.91292 40.1566 0.103383 33.9404 -35.6286 69.767 -41.5059 54.8004 -20.6459 5.11753   -0.00296706  0.118  
 19 75.2673 -5.75443 39.4895 -0.0597436 33.2895 -35.6991 68.9354 -41.5279 54.0614 -20.6415 4.9043   -0.00296706  0.123  
 19 74.55 -6.04801 38.8777 -0.0289605 32.4798 -35.8195 68.3398 -41.5824 53.4447 -20.8253 4.69106   -0.000698132  0.159  
 19 73.7483 -6.13098 38.0647 -0.300928 31.746 -36.05 67.6808 -41.7535 52.7216 -21.0205 5.33076   0.00191986  0.118  
 19 73.2486 -5.973 37.3187 -0.18229 31.3621 -35.9177 66.9467 -41.7 52.0263 -20.822 4.69106   -0.00139626  0.14  
 19 72.445 -6.44177 36.8088 -0.643198 30.4916 -36.213 66.2659 -42.121 51.3832 -21.3172 4.47783   -0.000698132  0.12  
 19 71.8138 -6.39332 36.0635 -0.489298 29.9219 -36.3219 65.7816 -41.8939 50.7992 -21.2366 4.69106   0.00139626  0.14  
 19 71.1384 -6.45389 35.4041 -0.552479 29.317 -36.3504 65.0799 -42.0259 50.1126 -21.2566 4.69106   0.00314159  0.1  
 19 70.3577 -6.2335 34.7719 -0.457439 28.3938 -36.1367 64.2468 -41.8588 49.388 -21.107 4.69106   -0.00261799  0.142  
 19 69.6699 -6.4229 33.8494 -0.856907 27.9956 -36.5003 63.6813 -42.1566 48.6985 -21.4419 4.9043   0.00296706  0.119  
 19 69.2414 -6.42536 33.4573 -0.818163 27.3929 -36.4275 63.1476 -42.1185 48.1887 -21.378 5.33076   0.000698132  0.139  
 19 68.6467 -6.31041 32.868 -0.631613 26.888 -36.3362 62.6826 -41.8982 47.6572 -21.2658 4.9043   0.00349066  0.121  
 19 68.0095 -6.49591 32.204 -0.987858 26.17 -36.4734 61.8711 -42.4973 46.9073 -21.4877 4.69106   -0.00261799  0.141  
 19 67.2768 -6.41154 31.6886 -0.731717 25.672 -36.4853 61.5443 -42.1951 46.4217 -21.4083 5.11753   -0.000698132  0.119  
 19 66.7992 -6.50163 30.9379 -0.778185 25.0653 -36.5362 60.6242 -42.2508 45.6792 -21.4348 5.33076   0  0.139  
 19 66.1408 -6.63405 30.3329 -0.807575 24.249 -36.5314 60.0684 -42.2963 45.0945 -21.4874 4.69106   -0.0010472  0.121  
 19 65.4955 -6.45987 29.7858 -0.760633 23.6033 -36.4645 59.4898 -42.2959 44.4811 -21.457 5.11753   0.0010472  0.12  
 19 64.8845 -6.48892 29.0681 -0.92357 23.0846 -36.4802 58.745 -42.4973 43.7849 -21.5085 5.11753   0.0015708  0.119  
 19 64.1314 -6.374 28.4218 -0.778786 22.3463 -36.4536 58.0503 -42.1365 43.1287 -21.3789 4.69106   0.00174533  0.124  
 19 63.5355 -6.44886 27.7225 -0.939665 21.6795 -36.419 57.5316 -42.4683 42.467 -21.4919 5.33076   0.000523599  0.059  
 19 63.0206 -6.59887 27.1889 -0.912428 21.1091 -36.6122 56.9101 -42.4853 41.9573 -21.5582 5.11753   0.00139626  0.038  
 19 62.2143 -6.4595 26.4471 -0.917555 20.4568 -36.5149 56.4261 -42.3916 41.2785 -21.5414 4.9043   0.00331613  0.039  
 19 61.4102 -6.69614 25.5549 -1.01301 19.7089 -36.6054 55.4203 -42.631 40.3773 -21.6232 4.2646   -0.000174533  0.023  
 19 61.0566 -6.60021 25.2882 -0.822959 19.2153 -36.4823 55.0748 -42.3411 40.0351 -21.4897 4.69106   0.00191986  0.059  
 19 60.892 -6.59179 25.1705 -0.922857 19.1017 -36.5557 55.0115 -42.4466 39.9633 -21.563 4.69106   0.00191986  0.014  
 19 60.8112 -6.61465 25.0042 -0.788298 18.962 -36.519 54.7081 -42.2722 39.7404 -21.4553 5.33076   -0.00383972  0.019  
 19 60.7163 -6.48892 24.8999 -0.923585 18.9164 -36.4802 54.5769 -42.4973 39.6158 -21.4935 5.33076   -0.00383972  0.017  
 19 60.5017 -6.76392 24.6091 -0.836364 18.7227 -36.6749 54.3414 -42.4277 39.3419 -21.5551 5.11753   0.00226893  0.033  
 19 60.2472 -6.42395 24.4419 -0.915894 18.5808 -36.4268 54.3619 -42.4548 39.3144 -21.5433 4.9043   0.00279253  0.035  
 19 60.0499 -6.52141 24.2315 -0.909151 18.1732 -36.4823 54.078 -42.3485 39.0259 -21.4862 4.9043   0.00139626  0.024  
 19 60.0117 -6.61745 24.2265 -0.938415 18.158 -36.5718 54.0139 -42.4539 39.0098 -21.5947 4.9043   0.00139626  0.037  
 19 59.8885 -6.63406 24.0807 -0.807591 18.0175 -36.4096 53.8067 -42.3521 38.8187 -21.4781 4.9043   -0.00139626  0.025  
 19 59.7751 -6.57991 23.865 -0.881043 17.865 -36.5359 53.6464 -42.3868 38.6711 -21.5157 4.9043   0.000523599  0.014  
 19 59.6228 -6.79088 23.8642 -0.885459 17.8428 -36.6676 53.5456 -42.434 38.5689 -21.6173 4.9043   0.000523599  0.04  
 19 59.3623 -6.47885 23.5835 -0.768594 17.5032 -36.4669 53.4044 -42.222 38.2784 -21.4248 4.9043   0.00139626  0.026  
 19 59.1183 -6.27228 23.3459 -0.769322 17.3508 -36.3955 53.3355 -42.1709 38.1852 -21.3348 4.47783   -0.00226893  0.015  
 19 59.0978 -6.39934 23.3337 -0.842125 17.3508 -36.3951 53.2906 -42.4499 38.1642 -21.484 4.47783   -0.00226893  0.04  
 19 59.0109 -6.3705 23.1858 -0.930201 17.14 -36.4302 53.0046 -42.258 37.9783 -21.4357 5.11753   0.00418879  0.023  
 19 58.8503 -6.33359 23.1212 -0.864726 17.1299 -36.5529 52.9689 -42.1939 37.8995 -21.4229 5.54399   -0.00279253  0.017  
 19 58.7321 -6.58552 22.8919 -0.955413 16.8831 -36.4888 52.5829 -42.5125 37.6825 -21.5475 5.11753   0.000523599  0.039  
 19 58.7275 -6.61237 22.8111 -0.951456 16.8008 -36.6676 52.5938 -42.4486 37.5922 -21.6048 5.11753   0.000523599  0.023  
 19 58.5551 -6.48423 22.5734 -0.949067 16.7314 -36.5209 52.4544 -42.3623 37.3897 -21.4978 4.69106   0  0.04  
 19 58.2853 -6.68849 22.3961 -0.80096 16.5122 -36.6279 52.3339 -42.3932 37.1905 -21.5206 4.69106   0.00558505  0.039  
 19 58.2172 -6.73085 22.3336 -0.804774 16.5059 -36.6427 52.2377 -42.5044 37.153 -21.5394 5.11753   -0.00244346  0.018  
 19 58.1575 -6.72099 22.2354 -0.788567 16.4054 -36.6414 52.1769 -42.4066 37.1188 -21.5706 5.11753   -0.00244346  0.025  
 19 57.9483 -6.6261 22.1319 -0.999728 16.0843 -36.5106 51.9532 -42.5932 36.9516 -21.5929 5.33076   0.00383972  0.038  
 19 57.802 -6.82747 21.9621 -1.01016 15.8783 -36.7333 51.7355 -42.5043 36.7532 -21.6759 4.69106   -0.000174533  0.017  
 19 57.69 -6.58554 21.892 -0.962045 15.7096 -36.5841 51.55 -42.4591 36.5929 -21.5512 4.69106   -0.000174533  0.041  
 19 57.5142 -6.47713 21.5415 -0.887469 15.6894 -36.5209 51.4123 -42.3623 36.3438 -21.4713 4.9043   0.00296706  0.02  
 19 57.4874 -6.63513 21.5347 -0.928729 15.6677 -36.6529 51.4017 -42.4243 36.3251 -21.5353 5.54399   -0.000174533  0.039  
 19 57.3755 -6.76392 21.4175 -0.82557 15.5364 -36.6317 51.2209 -42.3951 36.2029 -21.5499 5.54399   -0.000174533  0.022  
 19 57.1228 -6.67691 21.174 -0.907268 15.3706 -36.5965 51.1268 -42.4545 36.0952 -21.5881 5.54399   0.00244346  0.022  
 19 56.9513 -6.78709 21.2261 -0.981939 15.2416 -36.5445 51.1762 -42.6382 36.0459 -21.6518 5.33076   0.00296706  0.056  
 19 56.8138 -6.87947 21.1215 -0.928603 14.9905 -36.7496 50.8728 -42.6122 35.8596 -21.7319 5.33076   0.00296706  0.014  
 19 56.6489 -6.57992 20.8606 -0.900383 14.6848 -36.485 50.5129 -42.4299 35.5705 -21.5449 4.9043   0.00296706  0.016  
 19 56.5254 -6.56033 20.6926 -0.873715 14.7178 -36.548 50.5194 -42.3015 35.4963 -21.5217 4.69106   0.00244346  0.033  
 19 56.4287 -6.73278 20.4869 -0.964229 14.6298 -36.6275 50.3214 -42.6498 35.2979 -21.6486 4.69106   0.0010472  0.02  
 19 56.421 -6.77836 20.4529 -0.838374 14.6092 -36.6837 50.3542 -42.4569 35.2681 -21.5916 5.54399   -0.000523599  0.018  
 19 56.1999 -6.69614 20.2789 -1.00259 14.4336 -36.5944 50.2101 -42.6311 35.1364 -21.6339 5.54399   -0.000523599  0.04  
 19 56.0706 -6.95041 20.1967 -0.906698 14.1579 -36.7919 50.0052 -42.5613 34.9884 -21.7119 5.11753   0.000698132  0.021  
 19 55.8173 -6.90773 20.0674 -0.884936 13.9719 -36.6764 49.8749 -42.5584 34.8245 -21.6689 4.47783   0.000349066  0.042  
 19 55.6918 -6.32864 19.9051 -0.850925 13.8582 -36.3577 49.6601 -42.2706 34.6799 -21.3878 4.47783   0.000349066  0.015  
 19 55.6009 -6.61465 19.8368 -0.795262 13.649 -36.4487 49.4987 -42.2676 34.4893 -21.4782 5.11753   0.00139626  0.025  
 19 55.5604 -6.62563 19.6371 -0.953577 13.6686 -36.5912 49.4357 -42.4541 34.4646 -21.5668 5.33076   -0.00261799  0.041  
 19 55.4301 -6.47713 19.4574 -0.887485 13.6145 -36.4647 49.307 -42.4872 34.2735 -21.5032 5.11753   -0.000174533  0.015  
 19 55.2914 -6.76392 19.3334 -0.82557 13.4523 -36.6317 49.1368 -42.3951 34.1103 -21.5326 5.11753   0.000523599  0.022  
 19 54.8859 -6.92639 19.1547 -0.906698 13.1222 -36.7544 49.0366 -42.5426 33.9365 -21.7153 4.9043   0.00366519  0.043  
 19 54.8231 -6.62088 19.0162 -0.938431 12.9477 -36.5718 48.849 -42.4613 33.8178 -21.6016 4.47783   -0.0015708  0.036  
 19 54.7558 -6.35732 18.8045 -0.897867 12.9384 -36.354 48.6326 -42.3674 33.7018 -21.4089 4.47783   -0.0015708  0.021  
 19 54.644 -6.86518 18.7791 -0.885506 12.5751 -36.6325 48.3322 -42.6658 33.4621 -21.7058 4.9043   0.000872665  0.025  
 19 54.5266 -6.80325 18.6384 -0.978109 12.6367 -36.6429 48.3869 -42.6751 33.4483 -21.7031 5.54399   0.000698132  0.036  
 19 54.4696 -6.80028 18.515 -0.862494 12.5805 -36.6419 48.1881 -42.5646 33.2549 -21.5686 5.54399   0.000698132  0.018  
 19 54.1841 -6.92996 18.2415 -1.05758 12.2808 -36.8177 48.111 -42.6717 33.0233 -21.7525 4.9043   0.00226893  0.02  
 19 54.018 -6.89549 18.1381 -1.12079 12.2451 -36.7585 47.9928 -42.7809 33.0152 -21.8038 4.9043   0.000698132  0.039  
 19 53.7976 -6.52143 17.9792 -0.909151 11.9081 -36.5577 47.8274 -42.3388 32.7819 -21.5183 4.9043   0.000698132  0.025  
 19 53.6719 -6.60357 17.9253 -0.930628 11.6992 -36.4739 47.5587 -42.5548 32.6394 -21.5883 4.2646   -0.000174533  0.017  
 19 53.5395 -6.81102 17.7834 -1.07913 11.6528 -36.6527 47.4288 -42.6892 32.5227 -21.7467 5.33076   -0.00122173  0.04  
 19 53.4846 -6.80325 17.5964 -0.978109 11.5933 -36.651 47.3577 -42.5997 32.393 -21.6799 5.33076   -0.00122173  0.021  
 19 53.4357 -6.75349 17.4422 -1.04846 11.5398 -36.6336 47.1329 -42.6393 32.2904 -21.6964 5.11753   0.00366519  0.038  
 19 52.991 -6.93631 17.1134 -1.15401 11.2488 -36.7661 47.0572 -42.7988 32.0105 -21.847 4.47783   0.00296706  0.021  
 19 52.776 -6.83112 17.0661 -0.933414 11.0381 -36.7544 47.0216 -42.5538 31.8439 -21.6817 4.9043   -0.00226893  0.041  
 19 52.7822 -6.5256 16.8635 -0.897582 10.8892 -36.484 46.6931 -42.3337 31.6937 -21.477 4.9043   -0.00226893  0.018  
 19 52.5918 -6.82747 16.7519 -1.01016 10.6785 -36.6722 46.5037 -42.631 31.5445 -21.6949 5.11753   0.000523599  0.041  
 19 52.5674 -6.82223 16.6636 -1.06664 10.4825 -36.6817 46.2689 -42.5478 31.4 -21.6912 5.11753   0  0.024  
 19 52.4692 -6.76549 16.5388 -1.07043 10.5526 -36.6429 46.1506 -42.6494 31.3145 -21.7199 5.11753   0  0.019  
 19 52.3291 -6.96738 16.2301 -1.06945 10.4726 -36.8109 46.1077 -42.8144 31.1455 -21.8018 4.9043   0.00191986  0.042  
 19 51.9657 -6.90057 16.0762 -1.12436 10.2067 -36.7661 46.0686 -42.8078 30.987 -21.8425 4.69106   0.0015708  0.013  
 19 51.749 -6.65065 16.0267 -0.917366 10.0213 -36.6045 45.9343 -42.496 30.8158 -21.5954 4.69106   0.0015708  0.025  
 19 51.6694 -6.91116 15.8992 -0.884921 9.80019 -36.6976 45.6408 -42.7358 30.6689 -21.7391 4.69106   0.00261799  0.035  
 19 51.5855 -6.83187 15.797 -1.09478 9.8062 -36.6987 45.6024 -42.7293 30.6425 -21.7781 5.33076   0.000698132  0.02  
 19 51.5497 -6.82747 15.704 -1.00922 9.64013 -36.6707 45.4494 -42.7035 30.5254 -21.6992 5.11753   0.00349066  0.043  
 19 51.3734 -6.96125 15.4717 -1.00408 9.51757 -36.7247 45.252 -42.7261 30.3039 -21.789 5.11753   0.00349066  0.02  
 19 51.282 -6.99675 15.3159 -1.20021 9.35017 -36.7974 45.0657 -42.8144 30.1176 -21.8425 5.11753   0.00139626  0.04  
 19 50.8705 -6.67691 14.9847 -0.917366 8.97921 -36.6046 44.8683 -42.4921 29.8152 -21.6174 4.69106   -0.00174533  0.017  
 19 50.734 -6.69965 14.9376 -0.787982 8.99262 -36.545 44.7715 -42.6123 29.7529 -21.587 4.69106   -0.00174533  0.026  
 19 50.6571 -6.85008 14.8385 -1.10817 8.74742 -36.6958 44.5185 -42.7222 29.6246 -21.7752 4.9043   0.000523599  0.034  
 19 50.511 -6.82804 14.6619 -1.00922 8.59807 -36.6707 44.4015 -42.7025 29.4894 -21.7117 5.75722   -0.000872665  0.021  
 19 50.5457 -6.83223 14.6503 -1.07799 8.59904 -36.6649 44.1811 -42.6687 29.4234 -21.7414 5.11753   0.000349066  0.041  
 19 50.1122 -6.97618 14.1287 -1.17683 8.36721 -36.9435 44.0924 -42.7486 29.0158 -21.8648 5.11753   0.000349066  0.022  
 19 50.0108 -6.95984 13.9781 -1.15254 8.26889 -36.7908 43.9215 -42.7972 28.8991 -21.7891 4.69106   -0.000349066  0.041  
 19 49.7647 -6.87409 13.9463 -1.13221 7.8937 -36.7276 43.5268 -42.7307 28.7071 -21.7685 4.47783   0.00139626  0.016  
 19 49.5556 -7.08769 13.8055 -1.05552 7.70536 -36.6958 43.5567 -42.7358 28.5796 -21.8176 4.47783   0.00139626  0.024  
 19 49.5556 -7.08769 13.8055 -1.05552 7.65886 -36.9675 43.5578 -42.7292 28.5736 -21.8945 5.54399   -0.000174533  0.037  
 19 49.4975 -7.0779 13.8686 -1.06618 7.46518 -36.8878 43.3392 -42.8122 28.4589 -21.8982 5.54399   -0.000174533  0.019  
 19 49.4325 -7.04243 13.5787 -1.25163 7.52361 -36.8613 43.3373 -42.8324 28.4064 -21.9559 5.54399   -0.000174533  0.04  
 19 49.0349 -7.18613 13.1003 -1.09241 7.31796 -36.9882 43.0467 -42.7703 27.9449 -21.907 5.11753   0.00261799  0.023  
 19 48.9752 -6.92241 13.0183 -1.13535 7.07924 -36.7659 42.8794 -42.7972 27.835 -21.7916 4.47783   -0.000174533  0.016  
 19 48.898 -6.83307 12.9282 -0.988175 6.99925 -36.5604 42.6737 -42.61 27.7355 -21.6239 4.47783   -0.000174533  0.04  
 19 48.6189 -7.10547 12.8856 -1.07612 6.59965 -36.7305 42.4637 -42.8207 27.5705 -21.8534 4.47783   0.00296706  0.023  
 19 48.5064 -7.08649 12.7634 -1.0555 6.66331 -36.6958 42.3948 -42.7156 27.4924 -21.8065 5.11753   -0.00244346  0.039  
 19 48.4072 -7.01166 12.5422 -1.21909 6.48156 -36.8613 42.2215 -42.8201 27.3775 -21.9402 5.11753   -0.00244346  0.019  
 19 48.1921 -7.21992 12.3233 -1.13736 6.37766 -36.8073 42.1141 -42.9094 27.0975 -21.939 5.11753   0.00541052  0.021  
 19 48.1558 -6.99675 12.1898 -1.20021 6.22404 -36.7974 41.9395 -42.8144 26.9718 -21.8607 4.9043   0.0010472  0.043  
 19 48.0049 -6.71853 12.0775 -1.02397 6.02286 -36.5715 41.8004 -42.6386 26.8178 -21.632 4.9043   0.0010472  0.015  
 19 47.9124 -6.98043 11.9556 -0.922762 6.07933 -36.7033 41.8074 -42.6518 26.7619 -21.693 4.47783   0.000698132  0.023  
 19 47.7378 -6.92938 11.9964 -1.16904 5.80661 -36.7271 41.6344 -42.763 26.7205 -21.8396 5.11753   0  0.039  
 19 47.616 -6.87834 11.7874 -1.02461 5.75163 -36.7178 41.4373 -42.7298 26.5647 -21.735 5.54399   0.000698132  0.022  
 19 47.4715 -7.08769 11.7214 -1.05552 5.62128 -36.6958 41.4726 -42.7357 26.4907 -21.8314 5.54399   0.000698132  0.019  
 19 47.354 -7.00989 11.5001 -1.21909 5.43952 -36.8613 41.2532 -42.8324 26.3461 -21.9477 5.11753   -0.00122173  0.041  
 19 47.1917 -7.04048 11.3066 -0.985532 5.36294 -36.6432 41.0692 -42.8117 26.1554 -21.8117 5.11753   -0.00122173  0.016  
 19 47.1332 -6.88495 11.3291 -1.06699 5.34407 -36.6331 40.9232 -42.6666 26.0237 -21.689 4.2646   0.00226893  0.023  
 19 46.9861 -6.97616 11.0026 -1.1768 5.26242 -36.8109 40.9536 -42.8239 25.9055 -21.8556 4.69106   -0.00122173  0.018  
 19 46.8847 -6.95984 11.036 -1.1822 4.95435 -36.759 40.7954 -42.7972 25.7673 -21.8258 4.69106   -0.00122173  0.04  
 19 46.8847 -6.95984 10.9293 -1.16499 4.99513 -36.7659 40.7954 -42.7972 25.7544 -21.823 5.11753   0  0.022  
 19 46.6067 -7.05745 10.7962 -1.27367 4.72936 -36.9522 40.3817 -42.8401 25.5665 -21.9716 5.54399   -0.000872665  0.039  
 19 46.4213 -7.13638 10.7636 -1.29137 4.48361 -36.9117 40.4122 -42.8451 25.4568 -21.9952 4.2646   0.000349066  0.058  
 19 46.3119 -7.00987 10.5872 -1.23993 4.35402 -36.7299 40.2008 -42.8938 25.31 -21.9191 5.11753   0.00191986  0.141  
 19 46.2942 -6.94131 10.4834 -1.0856 4.22453 -36.6301 39.9958 -42.6658 25.1365 -21.7886 5.33076   0.000872665  0.119  
 19 46.0574 -7.0796 10.2603 -1.20719 4.12111 -36.7942 39.8555 -42.8144 24.9057 -21.8848 4.69106   0.000523599  0.1  
 19 45.7161 -7.15347 9.90138 -1.08008 3.9531 -36.7659 39.5218 -42.7582 24.5989 -21.8027 5.11753   -0.000349066  0.122  
 19 45.3289 -6.95386 9.4858 -1.09284 3.27331 -36.6454 38.9453 -42.6644 24.1616 -21.77 5.11753   -0.00122173  0.119  
 19 44.3859 -6.84705 8.58626 -1.10817 2.49514 -36.6958 38.3465 -42.7358 23.41 -21.7671 4.69106   0.000349066  0.119  
 19 43.9243 -6.73241 8.1858 -1.06778 2.03107 -36.6116 37.8168 -42.6498 22.8169 -21.6999 4.9043   0.000523599  0.121  
 19 43.305 -6.61751 7.37963 -0.973994 1.33234 -36.4829 36.8884 -42.5125 22.1405 -21.5479 4.2646   0.00471239  0.12  
 19 42.5608 -6.72657 6.76979 -0.815805 0.652104 -36.3132 36.4054 -42.6376 21.4297 -21.4947 5.11753   0.000523599  0.12  
 19 42.0113 -6.53692 6.22442 -0.82538 -0.0381615 -36.2564 35.7119 -42.4037 20.8708 -21.4719 5.11753   0.00383972  0.14  
 19 41.1946 -6.44354 5.56105 -0.645414 -0.79625 -36.2086 35.1246 -42.1409 20.1815 -21.3045 4.69106   0.000523599  0.139  
 19 40.648 -6.45465 4.62569 -0.913219 -1.06965 -36.2692 34.4321 -42.4863 19.5223 -21.4175 4.9043   0.00226893  0.101  
 19 40.2083 -6.45264 4.32515 -0.613887 -1.76913 -36.2201 33.8359 -42.1001 19.0754 -21.2304 5.33076   0.00261799  0.119  
 19 39.2459 -6.46559 3.43351 -0.638371 -2.60417 -36.1456 33.1685 -42.2043 18.232 -21.2934 5.33076   -0.00139626  0.14  
 19 38.5587 -6.4848 2.64306 -0.752719 -3.31578 -36.3088 32.3962 -42.2066 17.397 -21.3094 4.69106   -0.0010472  0.12  
 19 38.1242 -6.45264 2.24104 -0.613871 -3.85323 -36.2201 31.7518 -42.1001 16.9667 -21.2658 4.9043   0.0015708  0.12  
 19 37.2517 -6.44253 1.51688 -0.739298 -4.61963 -36.2656 31.144 -42.1719 16.2038 -21.3393 4.47783   0.00139626  0.1  
 19 36.9094 -6.42453 1.01142 -0.583373 -5.04264 -36.1871 30.5266 -42.1751 15.7444 -21.2651 4.9043   0.0015708  0.161  
 19 36.4388 -6.46397 0.452674 -0.464799 -5.48878 -36.1096 30.0904 -42.1515 15.2071 -21.1239 4.69106   0  0.139  
 19 35.7718 -6.46426 0.0192785 -0.559854 -6.20278 -36.1672 29.4993 -42.1776 14.6734 -21.2879 5.54399   0.0020944  0.14  
 19 35.1676 -6.44253 -0.567197 -0.739298 -6.7037 -36.2656 29.0599 -42.1719 14.1421 -21.3421 5.11753   -0.0010472  0.122  
 19 34.3699 -6.60456 -1.58683 -0.897535 -7.39017 -36.234 28.1876 -42.4409 13.2342 -21.435 4.69106   0.00279253  0.119  
 19 33.7833 -6.42452 -2.11472 -0.583373 -8.16878 -36.1871 27.4004 -42.1751 12.6532 -21.2383 5.11753   0.00139626  0.143  
 19 33.0684 -6.47774 -2.81877 -0.638355 -8.84371 -36.0708 26.792 -42.1222 11.9772 -21.2589 5.54399   0.00349066  0.116  
 19 32.4529 -6.81748 -3.41449 -0.742749 -9.35281 -36.3687 26.1866 -42.4038 11.2822 -21.4616 4.9043   0.0020944  0.141  
 19 31.7896 -6.91336 -4.0422 -0.795024 -10.1191 -36.2998 25.426 -42.5117 10.6417 -21.551 4.9043   0.00383972  0.121  
 19 30.8213 -6.95418 -4.92142 -0.766125 -11.0089 -36.5106 24.8249 -42.5873 9.86186 -21.6773 5.33076   0.00139626  0.118  
 19 30.3463 -7.00547 -5.56288 -0.955809 -11.4075 -36.5437 24.1438 -42.6593 9.21043 -21.6762 4.47783   -0.00122173  0.12  
 19 29.7761 -6.88873 -5.99062 -0.925421 -12.0252 -36.36 23.542 -42.565 8.74163 -21.6046 4.9043   -0.000174533  0.14  
 19 29.0816 -6.73771 -6.78343 -0.814729 -12.6223 -36.3676 22.9633 -42.4341 8.0644 -21.5269 4.9043   0.0020944  0.101  
 19 28.5046 -6.80761 -7.51563 -0.802732 -13.2866 -36.2925 22.1353 -42.4829 7.35025 -21.5565 4.9043   -0.000174533  0.12  
 19 27.8587 -6.98198 -7.90684 -0.718629 -13.9004 -36.335 21.764 -42.5411 6.83929 -21.5768 5.54399   0.000349066  0.119  
 19 27.173 -6.99753 -8.61933 -0.967568 -14.6747 -36.5194 20.9984 -42.656 6.05043 -21.6865 4.9043   0.00139626  0.121  
 19 26.6155 -6.88297 -9.28017 -0.898168 -15.3275 -36.4071 20.2516 -42.5275 5.46524 -21.5863 4.69106   0.00314159  0.119  
 19 26.0677 -7.0333 -9.83087 -0.746642 -15.6848 -36.3872 19.9269 -42.5841 4.93608 -21.5702 5.11753   0.000349066  0.122  
 19 25.471 -6.98976 -10.3118 -0.836823 -16.3824 -36.483 19.4235 -42.5548 4.45002 -21.6092 5.33076   0.0020944  0.119  
 19 25.0566 -7.18422 -10.8811 -1.08996 -16.656 -36.6897 18.9059 -42.705 3.99838 -21.8436 4.9043   0.000174533  0.14  
 19 24.5319 -7.08522 -11.3858 -1.02477 -17.4563 -36.6701 18.3085 -42.6955 3.43866 -21.7919 5.33076   0.00261799  0.124  
 19 23.9292 -7.13921 -12.018 -0.963232 -17.8681 -36.5844 17.8955 -42.6492 2.79576 -21.7008 5.11753   0.0020944  0.115  
 19 23.4095 -7.2638 -12.4168 -0.959797 -18.4958 -36.6547 17.1171 -42.6939 2.26968 -21.8008 4.9043   -0.000349066  0.121  
 19 22.8452 -6.97062 -13.0534 -0.922762 -18.898 -36.51 16.7266 -42.6382 1.74243 -21.637 4.9043   -0.00261799  0.14  
 19 22.1006 -7.02074 -13.8064 -0.971462 -19.7198 -36.6238 15.9141 -42.6666 1.00402 -21.7568 5.11753   0.00226893  0.139  
 19 21.5309 -6.90391 -14.327 -0.925421 -20.3771 -36.4508 15.2665 -42.4799 0.416866 -21.609 4.9043   0.00453786  0.121  
 19 20.6726 -6.95494 -15.1032 -0.713517 -20.9697 -36.4347 14.7938 -42.4598 -0.360358 -21.5213 5.11753   -0.000698132  0.119  
 19 20.0582 -6.93644 -15.8603 -0.789453 -21.7786 -36.4709 13.8161 -42.4768 -1.07508 -21.5921 5.54399   0.00279253  0.12  
 19 19.3964 -6.60372 -16.3966 -0.822452 -22.421 -36.2513 13.4667 -42.178 -1.59297 -21.3809 4.9043   0.00331613  0.101  
 19 18.6155 -7.1214 -17.0321 -0.996927 -22.8795 -36.6014 12.7138 -42.5274 -2.34292 -21.6674 4.47783   0.00261799  0.119  
 19 18.2032 -6.83416 -17.5332 -0.932417 -23.4411 -36.1844 12.176 -42.2798 -2.78547 -21.5066 5.33076   0.000523599  0.142  
 19 17.3682 -6.69628 -18.2825 -0.808683 -23.9809 -36.1843 11.6647 -42.103 -3.48083 -21.363 4.69106   0.00418879  0.119  
 19 17.0384 -7.04567 -18.6807 -1.02806 -24.6879 -36.3017 10.7061 -42.4687 -4.00697 -21.6307 4.47783   0.00191986  0.12  
 19 16.2568 -6.68482 -19.4014 -0.79599 -25.3176 -36.2892 10.3406 -42.178 -4.68929 -21.381 5.33076   -0.000872665  0.12  
 19 15.8384 -6.44205 -19.8242 -0.552479 -25.8393 -35.9269 9.80447 -41.9274 -5.17885 -21.1272 4.9043   0.000349066  0.119  
 19 15.2656 -6.82959 -20.4978 -0.709148 -26.3572 -36.2896 9.16365 -42.1558 -5.80366 -21.3981 4.69106   0.00523599  0.123  
 19 14.8016 -6.4114 -20.8833 -0.652409 -26.903 -36.0545 8.77395 -41.8597 -6.24056 -21.1402 5.11753   0.000523599  0.12  
 19 14.0785 -6.57816 -21.5628 -0.563574 -27.5943 -36.0342 8.06307 -41.9549 -6.96097 -21.1778 5.33076   -0.00174533  0.14  
 19 13.7008 -6.75698 -22.0683 -0.68286 -27.9735 -36.2506 7.69867 -42.055 -7.34103 -21.3239 4.9043   -0.00401426  0.119  
 19 13.0262 -6.63891 -22.6508 -0.833705 -28.6503 -36.1161 7.00053 -42.0754 -7.97521 -21.2913 4.69106   0.00296706  0.057  
 19 12.3639 -6.38452 -23.4384 -0.471873 -29.1254 -35.7757 6.39956 -41.9734 -8.64012 -21.026 5.33076   0.00296706  0.042  
 19 11.8134 -6.74139 -23.8317 -0.740612 -29.9043 -36.2201 5.75978 -42.1099 -9.14936 -21.3664 4.9043   0.00523599  0.022  
 19 11.0975 -6.37916 -24.5734 -0.566834 -30.4493 -35.8185 5.17421 -41.915 -9.88548 -21.0558 4.69106   0.00226893  0.037  
 19 10.876 -6.48298 -24.7878 -0.593217 -31.0842 -35.8153 4.6541 -41.7739 -10.3009 -21.0871 4.69106   0.00226893  0.04  
 19 10.6164 -6.51153 -24.9875 -0.276476 -31.0116 -35.7036 4.61098 -41.829 -10.3778 -20.972 5.11753   -0.00122173  0.015  
 19 10.3625 -6.62117 -25.2538 -0.707312 -31.3057 -36.1101 4.4573 -42.0483 -10.6334 -21.2724 5.11753   -0.00122173  0.015  
 19 10.4291 -6.4857 -25.3279 -0.778944 -31.3648 -36.0011 4.34692 -42.0654 -10.6496 -21.2382 5.33076   0.00471239  0.031  
 19 10.1159 -6.43572 -25.5658 -0.74096 -31.2393 -35.9609 4.38781 -41.9949 -10.754 -21.179 5.11753   -0.00366519  0.041  
 19 10.0783 -6.69701 -25.5879 -0.806847 -31.6946 -36.1603 3.94635 -42.1967 -10.9691 -21.3705 5.11753   0.00471239  0.021  
 19 9.90002 -6.63891 -25.777 -0.833705 -31.7687 -36.0708 3.86644 -42.1221 -11.1215 -21.318 5.11753   0.00471239  0.018  
 19 9.79091 -6.38139 -25.878 -0.519797 -31.9309 -35.8838 3.73326 -41.7736 -11.2564 -21.0419 4.69106   0.00279253  0.021  
 19 9.77518 -6.47326 -25.8889 -0.583452 -31.919 -35.8143 3.71192 -41.8983 -11.2681 -21.0976 4.9043   0.00471239  0.04  
 19 9.56067 -6.59189 -26.0967 -0.671227 -32.0966 -35.9567 3.52347 -42.0965 -11.4004 -21.2828 5.11753   0.00314159  0.019  
 19 9.61092 -6.60021 -26.053 -0.678476 -32.2955 -35.9957 3.44297 -41.8978 -11.5507 -21.1725 5.54399   -0.00122173  0.041  
 19 9.37418 -6.56091 -26.2921 -0.638767 -32.3889 -35.9803 3.33653 -41.8802 -11.7237 -21.1593 5.33076   0.00174533  0.019  
 19 9.04277 -6.62854 -26.5967 -0.671196 -32.3065 -36.1169 3.3392 -42.0356 -11.8238 -21.2562 4.9043   -0.000174533  0.02  
 19 9.09111 -6.37936 -26.5431 -0.438162 -32.7502 -35.6887 2.95256 -41.9174 -12.0167 -21.0041 4.9043   -0.000174533  0.041  
 19 8.91349 -6.31246 -26.7185 -0.242527 -32.7243 -35.5627 2.88608 -41.7594 -12.1185 -20.8657 4.69106   -0.00314159  0.021  
 19 8.81978 -6.43729 -26.6637 -0.378432 -32.9614 -35.6519 2.66816 -41.8678 -12.2245 -21.0162 5.33076   -0.00139626  0.039  
 19 8.54411 -6.44204 -27.1185 -0.552479 -33.1336 -35.9269 2.51016 -41.9274 -12.4197 -21.1615 5.33076   -0.00139626  0.018  
 19 8.54411 -6.44204 -27.1185 -0.552479 -33.1189 -35.8402 2.50595 -41.9521 -12.4753 -21.0969 5.11753   -0.0010472  0.025  
 19 8.27838 -6.62117 -27.3457 -0.706015 -33.435 -36.0034 2.3674 -42.0832 -12.7233 -21.26 5.11753   0.000174533  0.035  
 19 8.15936 -6.60138 -27.6365 -0.657727 -33.3485 -36.1169 2.223 -42.0233 -12.8446 -21.2325 5.11753   0.000174533  0.024  
 19 7.95161 -6.49773 -27.5966 -0.595195 -33.6332 -35.9084 2.04214 -41.9506 -13.0107 -21.1423 4.47783   0.00244346  0.019  
 19 7.86527 -6.34871 -27.788 -0.404324 -33.8032 -35.7795 1.8241 -41.8766 -13.184 -21.0006 4.47783   0.00139626  0.041  
 19 7.82626 -6.57815 -27.8151 -0.563574 -33.8299 -35.9364 1.8052 -41.9877 -13.2099 -21.1805 5.33076   0.00366519  0.016  
 19 7.70032 -6.41934 -27.9782 -0.613871 -34.0095 -35.8517 1.62043 -41.9416 -13.3394 -21.105 5.33076   0.00366519  0.04  
 19 7.63656 -6.46427 -28.0782 -0.56609 -34.1785 -35.8372 1.40546 -41.942 -13.4408 -21.1569 5.97045   0  0.023  
 19 7.48957 -6.51549 -28.2058 -0.818559 -34.1828 -35.9689 1.4302 -42.1504 -13.5344 -21.257 5.11753   0.00122173  0.038  
 19 7.24909 -6.47711 -28.4018 -0.787269 -34.4667 -35.9437 1.21829 -41.9875 -13.7932 -21.2026 5.11753   0.00122173  0.02  
 19 7.08609 -6.37337 -28.5584 -0.486798 -34.6294 -35.6785 1.12547 -41.94 -13.9072 -21.0212 4.69106   -0.00139626  0.022  
 19 6.93447 -6.34831 -28.7237 -0.459481 -34.6026 -35.7292 1.00176 -41.9407 -14.0511 -21.0155 4.9043   0.0020944  0.04  
 19 6.75728 -6.7367 -28.8628 -0.596873 -34.913 -36.1779 0.782367 -41.8748 -14.2922 -21.2569 5.11753   -0.00261799  0.042  
 19 6.87412 -6.45446 -28.8108 -0.647978 -35.0046 -35.9138 0.637054 -41.9663 -14.2711 -21.1655 5.11753   -0.00261799  0.015  
 19 6.6951 -6.55499 -29.1661 -0.8316 -35.2428 -35.9657 0.418599 -42.1556 -14.4451 -21.3204 5.11753   0.00122173  0.024  
 19 6.39755 -6.80941 -29.2311 -0.719736 -35.2391 -36.0528 0.369157 -42.2621 -14.6188 -21.3486 4.47783   0.00244346  0.038  
 19 6.1355 -6.57267 -29.4532 -0.529214 -35.529 -35.978 0.179514 -41.8751 -14.9043 -21.1272 4.47783   0.00244346  0.018  
 19 5.93589 -6.50908 -29.7098 -0.590352 -35.4087 -35.9688 0.209677 -42.0567 -14.9322 -21.1738 4.69106   0.000523599  0.04  
 19 6.01519 -6.75201 -29.7435 -0.69568 -35.6962 -36.0731 -0.025481 -41.996 -15.0696 -21.2527 5.11753   0.000349066  0.022  
 19 5.83036 -6.7207 -29.8034 -0.685519 -35.7018 -36.0722 -0.0488545 -41.9921 -15.1344 -21.2513 5.33076   0.00122173  0.04  
 19 5.92336 -6.7726 -29.7033 -0.631629 -35.9208 -35.9414 -0.324495 -42.2546 -15.1957 -21.3104 5.33076   0.00122173  0.018  
 19 5.74481 -6.878 -29.9935 -0.919455 -36.2027 -36.1386 -0.60035 -42.3734 -15.3952 -21.4887 4.9043   0.0020944  0.021  
 19 5.38728 -6.62257 -30.2478 -0.571218 -36.2696 -35.9851 -0.628263 -41.9997 -15.5959 -21.2537 4.69106   -0.000872665  0.04  
 19 5.16099 -6.56872 -30.4638 -0.479676 -36.3492 -35.788 -0.744804 -41.9995 -15.8073 -21.0754 4.69106   0.00139626  0.022  
 19 5.17596 -6.47887 -30.5143 -0.782743 -36.3813 -35.9806 -0.756491 -42.0697 -15.792 -21.2003 4.69106   0.00139626  0.037  
 19 5.00705 -6.75775 -30.7692 -0.698449 -36.4808 -36.1554 -0.931418 -42.1921 -15.9968 -21.3362 5.11753   -0.0015708  0.022  
 19 4.9695 -6.68992 -30.7131 -0.630505 -36.7325 -36.0741 -1.11977 -41.9874 -16.1062 -21.2297 5.33076   -0.00226893  0.018  
 19 4.8326 -6.92043 -30.8186 -0.914248 -37.0467 -36.1504 -1.43211 -42.3637 -16.2961 -21.5018 5.11753   0.00418879  0.04  
 19 4.72625 -6.91844 -30.987 -0.820347 -37.2074 -36.1468 -1.58066 -42.2438 -16.3915 -21.4342 5.11753   0.00418879  0.022  
 19 4.57418 -6.41934 -31.1044 -0.613887 -37.1356 -35.8517 -1.50571 -41.9416 -16.4634 -21.1274 4.69106   -0.00349066  0.04  
 19 4.34522 -6.62257 -31.2899 -0.571218 -37.2705 -35.7431 -1.70235 -42.1882 -16.6149 -21.2254 4.69106   -0.00349066  0.018  
 19 4.36318 -6.8252 -31.4155 -0.765492 -37.4355 -36.0266 -1.90515 -42.2887 -16.7832 -21.339 5.54399   0.0015708  0.022  
 19 4.17124 -6.4848 -31.5279 -0.787254 -37.5942 -35.9514 -1.96279 -42.0416 -16.9213 -21.2101 5.54399   0.00191986  0.042  
 19 3.89872 -6.73852 -31.8013 -0.636646 -37.4848 -35.9193 -2.06037 -42.2962 -17.0326 -21.276 5.11753   0.00296706  0.016  
 19 3.70809 -6.94982 -31.8925 -0.715368 -37.8046 -36.1844 -2.17087 -42.2196 -17.2329 -21.3993 5.11753   0.00296706  0.041  
 19 3.69644 -6.74797 -31.9297 -0.607097 -38.1544 -36.0481 -2.51268 -42.1006 -17.4483 -21.2893 4.9043   0.00349066  0.021  
 19 3.49333 -6.64603 -32.1279 -0.505996 -38.1866 -35.9044 -2.55021 -41.9559 -17.4913 -21.2102 4.47783   -0.00226893  0.04  
 19 3.53205 -6.82054 -32.267 -0.908455 -38.3765 -36.1862 -2.81314 -42.316 -17.6144 -21.4764 4.47783   0.00279253  0.018  
 19 3.27669 -6.77837 -32.3859 -0.888798 -38.3876 -36.1843 -2.76747 -42.3239 -17.6904 -21.4627 4.47783   0.00279253  0.023  
 19 3.2756 -6.81748 -32.5467 -0.750361 -38.4749 -36.1706 -2.95516 -42.2024 -17.8789 -21.3448 5.11753   0.00139626  0.041  
 19 3.03771 -7.01505 -32.5725 -0.849928 -38.6044 -36.1356 -3.08093 -42.4828 -17.9965 -21.4944 5.11753   0.00139626  0.016  
 19 2.85705 -6.93875 -32.816 -0.928872 -38.7342 -36.2427 -3.23117 -42.4601 -18.1591 -21.5339 4.69106   0.00279253  0.022  
 19 2.63893 -6.44354 -32.9479 -0.653011 -38.9877 -35.8914 -3.4026 -41.9736 -18.3735 -21.1369 4.69106   0.000523599  0.04  
 19 2.63893 -6.44354 -33.038 -0.638355 -39.0312 -35.8839 -3.4026 -41.9736 -18.3976 -21.1258 4.9043   0.000872665  0.04  
 19 2.41143 -6.87903 -33.115 -0.812845 -39.2252 -36.0489 -3.64898 -42.2874 -18.5078 -21.4346 4.9043   0.000872665  0.019  
 19 2.22816 -6.81656 -33.2904 -0.800912 -39.4152 -36.1673 -3.80158 -42.2771 -18.7185 -21.4607 5.11753   0.000698132  0.024  
 19 2.22816 -6.81656 -33.4096 -0.780733 -39.3877 -35.9379 -3.81957 -42.383 -18.7925 -21.3591 5.11753   0.000698132  0.016  
 19 1.95005 -6.96149 -33.6345 -0.966539 -39.668 -36.2617 -4.13832 -42.4837 -19.0719 -21.5572 5.11753   0.0010472  0.023  
 19 1.81502 -6.93875 -33.858 -0.928872 -39.7725 -36.2202 -4.26542 -42.4148 -19.2144 -21.5085 4.69106   0.0010472  0.039  
 19 1.66217 -6.7207 -33.9716 -0.685519 -39.8526 -35.9679 -4.25858 -42.2413 -19.3019 -21.2989 4.69106   0.0010472  0.018  
 19 1.58622 -6.50628 -33.8553 -0.53977 -40.0774 -35.8759 -4.43429 -41.9126 -19.4112 -21.1209 4.69106   0.00226893  0.025  
 19 1.54705 -6.73672 -34.073 -0.596889 -40.0807 -35.9277 -4.48342 -42.2016 -19.4857 -21.2788 5.33076   0  0.037  
 19 1.37531 -6.84447 -34.2492 -0.904862 -40.275 -36.1554 -4.70757 -42.3841 -19.5889 -21.4924 5.11753   0.00191986  0.017  
 19 1.40455 -6.84656 -34.2031 -0.760459 -40.4095 -35.9637 -4.92171 -42.2803 -19.6672 -21.3995 5.11753   0.00191986  0.04  
 19 1.15067 -7.04944 -34.5472 -0.797921 -40.5871 -36.1756 -5.07454 -42.4028 -19.964 -21.481 4.47783   0.00401426  0.024  
 19 0.786485 -7.07038 -34.8051 -0.876991 -40.6269 -36.2762 -5.14936 -42.4892 -20.1699 -21.5401 4.9043   -0.00418879  0.018  
 19 0.657319 -6.49773 -34.9957 -0.577786 -40.8859 -35.9154 -5.25217 -41.9506 -20.3362 -21.1286 4.9043   -0.00418879  0.039  
 19 0.540491 -6.52801 -34.8817 -0.45095 -41.0799 -35.6508 -5.49277 -42.0094 -20.4471 -21.0723 5.11753   0.000523599  0.024  
 19 0.504994 -6.7367 -35.0251 -0.612383 -41.0678 -35.8682 -5.51405 -42.1345 -20.4749 -21.2392 5.11753   0.00261799  0.018  
 19 0.333278 -6.84445 -35.2474 -0.912159 -41.365 -36.147 -5.74961 -42.384 -20.6296 -21.4882 5.11753   0.00383972  0.037  
 19 0.144072 -6.81656 -35.3745 -0.800912 -41.46 -35.94 -5.90364 -42.383 -20.7751 -21.4352 5.11753   0.00383972  0.024  
 19 -0.0828573 -6.77041 -35.5733 -0.704369 -41.5922 -35.9594 -5.99402 -42.2335 -21.0176 -21.3017 5.11753   0.00139626  0.038  
 19 -0.352368 -6.73248 -35.9794 -0.698449 -41.6684 -36.0152 -6.07976 -42.2876 -21.2018 -21.3247 5.11753   0.00139626  0.018  
 19 -0.358839 -6.72325 -35.8659 -0.65434 -41.9075 -35.9039 -6.32406 -42.1754 -21.3087 -21.2447 4.9043   0.00261799  0.021  
 19 -0.537042 -6.73673 -35.9556 -0.631629 -42.1983 -36.0844 -6.56302 -42.1752 -21.5174 -21.3189 4.9043   0.00122173  0.043  
 19 -0.564661 -6.8991 -36.1178 -0.77111 -42.1822 -36.0167 -6.5866 -42.3139 -21.4881 -21.4347 4.9043   0.00122173  0.018  
 19 -0.578447 -6.83125 -36.1031 -0.636503 -42.3251 -36.0627 -6.80247 -42.1343 -21.5948 -21.358 5.11753   -0.000349066  0.021  
 19 -0.81157 -6.82399 -36.406 -0.740121 -42.502 -35.94 -6.96119 -42.3801 -21.8027 -21.4124 5.11753   0.00279253  0.04  
 19 -0.897972 -6.81656 -36.5357 -0.780717 -42.5525 -36.1653 -6.92771 -42.2771 -21.9436 -21.3953 4.9043   0.000349066  0.017  
 19 -1.08457 -6.78497 -36.7599 -0.742749 -42.6646 -36.167 -7.13854 -42.1998 -22.146 -21.3333 4.9043   0.000349066  0.041  
 19 -1.24582 -6.55791 -36.9125 -0.501184 -42.8286 -35.8022 -7.32525 -42.0278 -22.2741 -21.1026 4.9043   -0.000698132  0.02  
 19 -1.30437 -6.81519 -36.9123 -0.499871 -42.8399 -35.8696 -7.40095 -42.155 -22.3163 -21.2075 5.11753   0.00296706  0.043  
 19 -1.43083 -6.98369 -36.9818 -0.541748 -43.2403 -36.0844 -7.64973 -42.1676 -22.5523 -21.3208 5.11753   0.00296706  0.017  
 19 -1.57908 -6.73672 -37.14 -0.607081 -43.3393 -35.9043 -7.60956 -42.2016 -22.5844 -21.2677 5.54399   0.00244346  0.022  
 19 -1.80764 -6.83899 -37.3399 -0.821028 -43.5605 -36.1048 -8.03619 -42.3023 -22.8142 -21.4505 5.54399   0.00244346  0.037  
 19 -1.9467 -6.88609 -37.632 -0.557053 -43.6103 -35.9918 -8.13933 -42.0545 -23.0527 -21.2263 4.9043   0.00314159  0.024  
 19 -2.09788 -6.58252 -37.8389 -0.315204 -43.6646 -35.7385 -8.19913 -41.9494 -23.1686 -21.02 5.11753   0.000523599  0.019  
 19 -2.32589 -6.69612 -38.0157 -0.405875 -43.9527 -35.9255 -8.4069 -41.9457 -23.3933 -21.1066 5.11753   0.00418879  0.036  
 19 -2.50601 -6.72072 -38.1398 -0.685535 -44.0047 -35.8711 -8.43232 -42.2747 -23.4371 -21.2742 5.11753   0.00418879  0.023  
 19 -2.42204 -6.82391 -38.0296 -0.443037 -44.141 -35.8237 -8.63724 -42.1205 -23.5311 -21.1816 4.9043   0.00174533  0.04  
 19 -2.53817 -6.75101 -38.182 -0.607097 -44.3894 -35.9498 -8.85265 -42.1188 -23.6324 -21.3005 4.69106   0.00261799  0.02  
 19 -2.73983 -6.93023 -38.3457 -0.615295 -44.5838 -35.9982 -9.07035 -42.3436 -23.8049 -21.3917 4.69106   0.00261799  0.019  
 19 -2.92693 -6.53504 -38.6314 -0.30604 -44.6812 -35.7421 -9.15296 -41.8931 -24.0577 -20.9791 4.69106   0.00331613  0.042  
 19 -3.12017 -6.50131 -38.7672 -0.282316 -44.6572 -35.6182 -9.18105 -41.9566 -24.1303 -20.9597 5.11753   0.00401426  0.017  
 19 -3.21917 -6.72233 -39.0584 -0.405749 -44.7715 -35.872 -9.26629 -42.0038 -24.2853 -21.12 5.11753   0.00401426  0.024  
 19 -3.34038 -6.82372 -38.9963 -0.499887 -44.9327 -35.9217 -9.27027 -42.2071 -24.3335 -21.2574 5.11753   0.0010472  0.037  
 19 -3.43491 -6.6583 -39.0444 -0.419945 -45.2889 -35.883 -9.65346 -41.9738 -24.5915 -21.1248 5.11753   0.0020944  0.14  
 19 -3.59786 -6.74795 -39.224 -0.607081 -45.4487 -36.0481 -9.80698 -42.1006 -24.6631 -21.3288 4.9043   0.00226893  0.158  
 19 -3.81004 -6.87101 -39.5865 -0.565504 -45.6051 -35.9119 -10.1299 -42.2691 -24.9224 -21.3157 5.33076   0.00296706  0.123  
 19 -3.92561 -6.54257 -39.6737 -0.305977 -45.6545 -35.7551 -10.1177 -41.9783 -24.9932 -21.0638 5.11753   0.000523599  0.138  
 19 -4.68196 -6.91334 -40.4093 -0.81283 -46.5338 -36.1314 -11.0128 -42.3284 -25.7845 -21.4821 4.69106   0.000523599  0.12  
 19 -5.52278 -6.73922 -41.1996 -0.696756 -47.271 -35.8459 -11.5962 -42.2679 -26.5448 -21.2782 5.11753   -0.000174533  0.12  
 19 -5.93396 -6.89603 -41.7809 -0.443021 -47.7785 -35.9918 -12.3438 -42.0484 -27.1338 -21.2537 5.33076   0.00401426  0.142  
 19 -6.54564 -6.42627 -42.3347 -0.157442 -48.3473 -35.5175 -12.9327 -41.8449 -27.6445 -20.9174 5.33076   0.00226893  0.118  
 19 -7.53372 -6.76571 -43.1323 -0.491546 -49.2018 -35.9039 -13.6033 -42.1781 -28.5711 -21.2034 4.69106   0.000872665  0.121  
 19 -7.94381 -6.67817 -43.7451 -0.281334 -49.7784 -35.7628 -14.2474 -41.9851 -29.0969 -21.121 5.11753   0.00226893  0.119  
 19 -8.77887 -6.5147 -44.5825 -0.214213 -50.6488 -35.6567 -15.097 -41.859 -29.9099 -21.0306 5.11753   0.000872665  0.142  
 19 -9.6229 -6.71188 -45.3801 -0.361782 -51.3064 -35.9154 -15.7012 -41.9457 -30.7204 -21.09 4.9043   0  0.137  
 19 -10.1716 -6.52079 -46.054 -0.236972 -51.9381 -35.5375 -16.4396 -41.9821 -31.2835 -20.9975 5.11753   0.00383972  0.121  
 19 -10.885 -6.52628 -46.6525 -0.13166 -52.7252 -35.6117 -17.2884 -41.8175 -31.9884 -20.9791 5.11753   0  0.123  
 19 -11.7653 -6.68219 -47.4564 -0.315172 -53.3905 -35.9154 -17.7932 -41.9444 -32.8159 -21.071 4.69106   -0.000872665  0.118  
 19 -12.4182 -6.83912 -48.3625 -0.328562 -54.0786 -35.9093 -18.7284 -42.1789 -33.5992 -21.1616 4.9043   0.00226893  0.161  
 19 -12.9621 -6.77049 -48.7625 -0.283297 -54.836 -35.7677 -19.256 -42.0231 -34.0965 -21.1454 4.9043   0.00383972  0.118  
 19 -13.8369 -6.42683 -49.629 -0.157442 -55.6633 -35.6449 -20.0899 -41.8036 -34.9475 -20.9574 4.9043   -0.00366519  0.12  
 19 -14.479 -6.74289 -50.3922 -0.373446 -56.0762 -35.8547 -20.7285 -42.053 -35.6052 -21.1043 4.69106   -0.0010472  0.121  
 19 -15.1585 -6.52345 -51.1472 -0.0851772 -56.9678 -35.5751 -21.6287 -41.8341 -36.3598 -20.9299 4.9043   0.00471239  0.159  
 19 -16.0118 -6.34233 -51.8632 -0.134541 -57.9072 -35.4472 -22.3316 -41.7402 -37.1337 -20.8819 5.33076   -0.00331613  0.121  
 19 -16.6453 -6.34369 -52.5375 0.0131863 -58.2641 -35.5367 -22.7516 -41.7399 -37.7473 -20.7608 4.69106   0.00296706  0.139  
 19 -17.0414 -6.25981 -52.8933 0.0487174 -58.9132 -35.2992 -23.361 -41.6904 -38.1832 -20.7354 4.9043   0.0010472  0.141  
 19 -18.0142 -6.20972 -53.8034 0.0417853 -59.7528 -35.3127 -24.1457 -41.6191 -39.0908 -20.6358 5.11753   0.00523599  0.14  
 19 -18.8633 -5.87479 -54.7009 0.409489 -60.2644 -35.1652 -24.7571 -41.2342 -39.8423 -20.3304 5.11753   0.00296706  0.1  
 19 -19.308 -6.16303 -55.1317 0.0707483 -61.1868 -35.3062 -25.5407 -41.6502 -40.4165 -20.6792 5.11753   -0.000174533  0.119  
 19 -20.1317 -6.25601 -55.8662 0.167956 -61.8369 -35.3127 -26.1431 -41.6344 -41.1719 -20.6189 5.33076   -0.00191986  0.12  
 19 -20.9598 -6.22754 -56.8281 -0.00248225 -62.7689 -35.3554 -27.0157 -41.7827 -42.0557 -20.7044 5.11753   0.00523599  0.12  
 19 -21.6393 -6.20522 -57.3622 0.113797 -63.4047 -35.3733 -27.5993 -41.7069 -42.6219 -20.7283 4.9043   0.00506145  0.14  
 19 -22.118 -6.12056 -57.9422 0.216355 -63.916 -35.2828 -28.1623 -41.6073 -43.2176 -20.5733 4.9043   -0.000349066  0.122  
 19 -23.0686 -6.09795 -58.8986 0.375161 -64.6343 -35.2319 -28.966 -41.4783 -44.0807 -20.486 4.9043   0.000523599  0.119  
 19 -23.539 -6.15209 -59.3096 0.0724576 -65.3378 -35.3241 -29.562 -41.5733 -44.5679 -20.6883 4.9043   -0.0010472  0.141  
 19 -24.2861 -5.99738 -60.1467 0.168922 -66.1409 -35.2201 -30.2256 -41.4381 -45.3904 -20.476 5.11753   0.000349066  0.14  
 19 -25.1137 -6.14364 -61.0683 0.216371 -67.0258 -35.1857 -31.1519 -41.5952 -46.2572 -20.5598 5.33076   -0.000349066  0.138  
 19 -25.7352 -5.9089 -61.6839 0.243276 -67.491 -35.1643 -31.817 -41.4419 -46.7919 -20.5014 5.11753   0.00261799  0.14  
 19 -26.4674 -6.10202 -62.4269 0.124464 -68.4511 -35.2486 -32.7372 -41.5739 -47.6271 -20.5978 4.69106   0.000523599  0.142  
 19 -27.4404 -5.90458 -63.2883 0.216497 -69.3012 -35.1446 -33.5102 -41.4124 -48.5754 -20.4232 4.9043   0.000349066  0.139  
 19 -28.1793 -6.06993 -64.1027 0.181172 -69.9155 -35.2133 -34.2366 -41.6906 -49.2809 -20.5581 4.69106   -0.000174533  0.139  
 19 -28.6128 -5.84575 -64.6859 0.168621 -70.6815 -35.0915 -34.9667 -41.4339 -49.8484 -20.443 5.11753   0  0.14  
 19 -29.6605 -6.05148 -65.4949 0.210958 -71.3254 -35.1465 -35.5915 -41.6337 -50.6699 -20.5127 4.69106   0.0015708  0.142  
 19 -30.3195 -5.83766 -66.3086 0.321413 -71.8599 -35.0753 -36.2433 -41.3762 -51.3834 -20.3133 4.9043   -0.000174533  0.118  
 19 -30.9276 -5.80439 -66.8782 0.34031 -72.6754 -35.007 -37.0099 -41.3408 -51.9991 -20.3897 4.69106   0.00122173  0.141  
 19 -31.6438 -5.89328 -67.6691 0.316095 -73.4175 -35.0223 -37.7753 -41.3908 -52.7941 -20.3559 5.11753   -0.00244346  0.119  
 19 -32.1947 -6.01193 -68.2989 0.238734 -74.0127 -35.2319 -38.4369 -41.4621 -53.3933 -20.4736 4.69106   0.00226893  0.163  
 19 -33.0117 -5.80439 -68.9623 0.340326 -74.7442 -34.9138 -39.0995 -41.3728 -54.0799 -20.3749 4.9043   -0.000174533  0.137  
 19 -33.7251 -6.02388 -69.7231 0.310809 -75.4748 -35.0962 -39.9737 -41.5099 -54.8883 -20.4371 5.11753   -0.000698132  0.12  
 19 -34.5101 -5.97189 -70.383 0.238718 -76.0765 -35.1058 -40.428 -41.4754 -55.5465 -20.4132 4.9043   -0.00418879  0.143  
 19 -35.165 -6.20894 -70.9463 0.120429 -76.9644 -35.2716 -41.2422 -41.7152 -56.2226 -20.6911 5.11753   -0.0267035  0.159  
 19 -35.7696 -6.29828 -71.6095 0.0081217 -77.4375 -35.3333 -41.8062 -41.8255 -56.8076 -20.7319 4.2646   0.0176278  0.139  
 19 -36.4506 -6.3733 -72.4494 -0.00548934 -78.0036 -35.4201 -42.4293 -41.9019 -57.5042 -20.7628 5.33076   -0.00279253  0.12  
 19 -37.0731 -6.41686 -73.161 -0.0252886 -78.8339 -35.4855 -43.2736 -41.8142 -58.2222 -20.8895 5.11753   -0.0308923  0.139  
 19 -37.7919 -6.48517 -73.8272 -0.332075 -79.5593 -35.6182 -44.0434 -41.9878 -58.982 -20.9956 4.69106   0.0191986  0.121  
 19 -38.3264 -6.63144 -74.5388 -0.48205 -80.1072 -35.9875 -44.5882 -42.0584 -59.613 -21.1481 5.33076   -0.000872665  0.119  
 19 -39.054 -6.50902 -75.035 -0.30729 -80.7813 -35.6323 -45.0905 -42.0094 -60.1936 -21.0317 4.69106   0.0015708  0.06  
 19 -39.6307 -6.47154 -75.5178 -0.329907 -81.2204 -35.7312 -45.5491 -41.978 -60.6914 -20.9984 5.11753   -0.00453786  0.04  
 19 -40.1237 -6.6717 -75.9683 -0.49316 -81.7174 -35.8352 -46.1707 -42.2342 -61.1927 -21.2123 4.69106   0.000523599  0.025  
 19 -40.7263 -6.79263 -76.688 -0.454464 -82.2476 -35.9033 -46.6315 -42.2201 -61.8117 -21.1797 4.69106   0.000523599  0.018  
 19 -40.9917 -6.76859 -76.7961 -0.597016 -82.666 -35.9521 -46.9226 -42.2518 -62.0252 -21.2689 4.9043   0.00261799  0.039  
 19 -41.1768 -6.73672 -76.947 -0.571012 -82.976 -35.7963 -47.2128 -42.2342 -62.283 -21.2552 4.47783   0.0010472  0.018  
 19 -41.3407 -6.79885 -77.2611 -0.467964 -83.0628 -35.8424 -47.3982 -42.1905 -62.4311 -21.2774 4.47783   0.0010472  0.041  
 19 -41.339 -6.78901 -77.2963 -0.682955 -83.0754 -35.9197 -47.4186 -42.3094 -62.4304 -21.3439 4.9043   0.00331613  0.021  
 19 -41.4986 -6.8159 -77.3894 -0.681388 -83.254 -35.8651 -47.5538 -42.3773 -62.5392 -21.3654 5.54399   -0.000698132  0.039  
 19 -41.534 -6.81718 -77.6979 -0.692229 -83.2407 -36.0345 -47.7101 -42.2966 -62.7432 -21.3106 4.9043   -0.000174533  0.022  
 19 -41.7969 -6.96423 -77.6626 -0.707107 -83.3743 -36.1645 -47.7067 -42.4189 -62.846 -21.4097 4.69106   -0.000523599  0.017  
 19 -42.0751 -6.92862 -77.8879 -0.755885 -83.7748 -36.0709 -48.0526 -42.4536 -63.1228 -21.4104 4.69106   -0.000523599  0.041  
 19 -42.0652 -6.93561 -77.9951 -0.800532 -83.8103 -36.0645 -48.1958 -42.428 -63.1791 -21.4134 4.69106   0.00296706  0.02  
 19 -42.146 -7.00968 -78.0348 -0.838501 -84.0746 -36.1267 -48.3239 -42.3637 -63.3484 -21.4475 4.69106   -0.000872665  0.043  
 19 -42.3081 -7.10319 -78.356 -0.790387 -84.1613 -36.1867 -48.5579 -42.552 -63.4644 -21.5714 4.69106   -0.000872665  0.016  
 19 -42.4312 -7.08165 -78.356 -0.790387 -84.1637 -36.2015 -48.4897 -42.4791 -63.4802 -21.5453 5.54399   0.00296706  0.024  
 19 -42.6471 -7.21293 -78.6041 -0.852507 -84.2741 -36.2461 -48.6735 -42.6535 -63.6712 -21.6434 5.11753   0.000872665  0.039  
 19 -42.5998 -7.2213 -78.7004 -0.835462 -84.238 -36.2445 -48.7904 -42.6485 -63.7577 -21.569 5.11753   0.000872665  0.018  
 19 -42.8339 -7.17988 -78.8879 -0.802305 -84.3867 -36.2177 -48.8938 -42.6299 -63.9413 -21.5391 5.33076   0.0020944  0.021  
 19 -42.9956 -6.95467 -79.0058 -0.805897 -84.6752 -36.0961 -49.0804 -42.4561 -64.1021 -21.4162 4.69106   -0.000872665  0.04  
 19 -43.1996 -7.04422 -79.0271 -0.73952 -84.8734 -36.1921 -49.1023 -42.4564 -64.2494 -21.4659 4.9043   -0.000349066  0.019  
 19 -43.3039 -7.11218 -79.0781 -0.845923 -85.1188 -36.1389 -49.3749 -42.628 -64.3467 -21.6254 4.9043   -0.000349066  0.039  
 19 -43.324 -7.10778 -79.2035 -0.824446 -85.0651 -36.2262 -49.3441 -42.5122 -64.4022 -21.6046 5.54399   -0.0010472  0.023  
 19 -43.4731 -7.08103 -79.2768 -0.882388 -85.2948 -36.2738 -49.5392 -42.5225 -64.5303 -21.6239 5.11753   0  0.017  
 19 -43.6419 -7.2213 -79.8028 -0.824795 -85.3556 -36.2309 -49.8325 -42.6486 -64.8667 -21.5726 5.11753   0  0.041  
 19 -43.8479 -7.01603 -79.9141 -0.700016 -85.4182 -36.1496 -49.9126 -42.4936 -64.9594 -21.4333 4.9043   -0.000349066  0.021  
 19 -44.0661 -7.12069 -80.0292 -0.835747 -85.6823 -36.1719 -50.1458 -42.5919 -65.1722 -21.525 4.69106   0.00174533  0.02  
 19 -44.0729 -7.15999 -79.968 -0.87256 -85.8244 -36.1462 -50.1458 -42.5919 -65.1657 -21.5455 4.69106   0.00174533  0.038  
 19 -44.1277 -7.02728 -79.9685 -0.864377 -85.9635 -36.121 -50.2054 -42.5812 -65.2475 -21.5286 5.11753   -0.00296706  0.024  
 19 -44.366 -7.10778 -80.2455 -0.824446 -86.0947 -36.1509 -50.4062 -42.6299 -65.4098 -21.5982 4.69106   0.00174533  0.039  
 19 -44.3007 -7.2031 -80.3777 -0.925247 -86.2025 -36.2475 -50.6268 -42.6363 -65.4934 -21.6592 5.11753   0.00314159  0.017  
 19 -44.4506 -7.0922 -80.5851 -0.836301 -86.2566 -36.2878 -50.7779 -42.4881 -65.6407 -21.5483 5.11753   0.00314159  0.021  
 19 -44.646 -7.01256 -80.8253 -0.700728 -86.3591 -35.9852 -50.9156 -42.4833 -65.8705 -21.3658 4.9043   0.000523599  0.041  
 19 -44.9306 -7.00911 -80.9073 -0.780511 -86.4545 -36.1506 -50.8484 -42.5126 -65.9777 -21.4363 4.9043   0.000523599  0.019  
 19 -44.9652 -6.97421 -81.0002 -0.821186 -86.7157 -36.1039 -51.1428 -42.46 -66.1211 -21.4229 5.11753   0.000872665  0.059  
 19 -45.0944 -7.04023 -81.0316 -0.860769 -86.9083 -36.1155 -51.1801 -42.5468 -66.2042 -21.4882 5.11753   0.000872665  0.014  
 19 -45.2911 -7.0887 -81.0075 -0.846873 -87.0056 -36.121 -51.2084 -42.5882 -66.3086 -21.5407 5.11753   0.000698132  0.015  
 19 -45.3673 -7.24729 -81.3698 -0.814855 -87.1446 -36.3147 -51.5647 -42.5327 -66.5172 -21.6197 5.11753   0.000698132  0.017  
 19 -45.358 -7.11656 -81.4821 -0.790387 -87.2801 -36.1418 -51.6768 -42.4644 -66.5661 -21.5372 4.9043   -0.00261799  0.037  
 19 -45.4937 -7.04646 -81.6126 -0.745186 -87.2754 -36.1427 -51.7362 -42.4539 -66.6713 -21.492 4.9043   0.00174533  0.018  
 19 -45.725 -7.22148 -81.8508 -0.831173 -87.5499 -36.211 -51.9847 -42.6362 -66.9768 -21.5299 4.9043   0.00174533  0.04  
 19 -45.9664 -7.21714 -81.9611 -0.842109 -87.7173 -36.1807 -52.02 -42.6299 -67.1079 -21.5612 5.54399   -0.000349066  0.021  
 19 -46.1569 -7.15999 -82.0749 -0.868572 -87.9628 -36.1901 -52.244 -42.6747 -67.2764 -21.5726 5.11753   0.000174533  0.04  
 19 -46.1673 -7.35023 -82.0517 -0.877435 -88.0625 -36.172 -52.2828 -42.6676 -67.3046 -21.6444 4.9043   0.000872665  0.039  
 19 -46.2449 -7.29238 -82.2091 -0.96415 -88.1332 -36.2512 -52.4471 -42.7534 -67.4502 -21.6962 4.9043   0.000872665  0.021  
 19 -46.3931 -7.25019 -82.3921 -0.818369 -88.4126 -36.2248 -52.7109 -42.6364 -67.5976 -21.6391 4.9043   0.000698132  0.02  
 19 -46.6275 -7.24617 -82.5411 -0.893404 -88.3421 -36.2641 -52.6923 -42.6803 -67.6929 -21.6786 4.69106   -0.00244346  0.042  
 19 -46.6149 -7.40288 -82.8036 -0.897266 -88.4198 -36.4094 -52.8552 -42.7004 -67.8856 -21.7089 4.69106   0.000174533  0.039  
 19 -46.8038 -7.39168 -82.8834 -1.00161 -88.6906 -36.3615 -53.1242 -42.6529 -68.0589 -21.6899 4.69106   0.000174533  0.017  
 19 -47.0566 -7.3664 -82.9737 -1.04642 -88.852 -36.3101 -53.1329 -42.8183 -68.175 -21.7431 5.54399   -0.0010472  0.022  
 19 -47.0741 -7.46583 -83.0768 -1.05838 -88.9 -36.3706 -53.3367 -42.8504 -68.2422 -21.8276 5.33076   0.00226893  0.039  
 19 -47.2832 -7.32652 -83.2566 -0.996642 -89.1753 -36.2512 -53.5048 -42.7506 -68.4817 -21.7324 5.33076   0.00226893  0.021  
 19 -47.5031 -7.50846 -83.4639 -0.956204 -89.4038 -36.3994 -53.7033 -42.9043 -68.6504 -21.8644 4.9043   0.00523599  0.044  
 19 -47.5162 -7.45006 -83.679 -1.04525 -89.3444 -36.4103 -53.8094 -42.8849 -68.7228 -21.8606 5.11753   0.0015708  0.014  
 19 -47.6688 -7.45373 -83.7187 -1.07685 -89.3495 -36.4093 -53.8594 -42.8758 -68.7955 -21.8413 5.11753   0.0015708  0.022  
 19 -47.967 -7.50865 -83.8608 -1.22284 -89.6299 -36.5424 -53.8881 -43.0311 -69.0344 -21.944 4.9043   0.000523599  0.04  
 19 -47.9315 -7.52489 -83.9252 -1.33568 -89.7888 -36.5135 -54.0516 -43.0014 -69.1171 -21.9491 4.2646   0  0.022  
 19 -48.0509 -7.49444 -84.0188 -1.19427 -89.7416 -36.5221 -54.1345 -42.9864 -69.1553 -21.908 5.11753   -0.00122173  0.037  
 19 -48.1162 -7.46583 -84.1189 -1.0584 -89.9543 -36.445 -54.3893 -42.9097 -69.3167 -21.8672 5.11753   -0.00122173  0.022  
 19 -48.2072 -7.49348 -84.1884 -1.20533 -90.1193 -36.4535 -54.447 -42.9296 -69.4223 -21.921 5.11753   -0.000174533  0.043  
 19 -48.3502 -7.46848 -84.4228 -1.16439 -90.1676 -36.5294 -54.5833 -42.9582 -69.5021 -21.9784 5.54399   0.00471239  0.018  
 19 -48.3766 -7.55191 -84.5044 -1.19438 -90.2958 -36.5063 -54.702 -42.9367 -69.5832 -21.9887 5.54399   0.00471239  0.016  
 19 -48.5793 -7.69175 -84.7692 -1.34572 -90.4282 -36.6706 -54.8991 -43.0894 -69.8359 -22.1211 5.33076   0.00139626  0.041  
 19 -48.7295 -7.55661 -84.9271 -1.36186 -90.4098 -36.6739 -54.9373 -43.0825 -69.9296 -22.0306 4.69106   0.0015708  0.021  
 19 -48.9751 -7.56778 -84.8836 -1.10498 -90.6537 -36.4307 -55.019 -42.9236 -70.0973 -21.8449 4.69106   0.0015708  0.021  
 19 -49.19 -7.6541 -85.0739 -1.28167 -90.9343 -36.5792 -55.2525 -43.0255 -70.3063 -22.0138 4.47783   0  0.039  
 19 -49.1802 -7.59697 -85.0947 -1.40671 -90.9491 -36.6685 -55.26 -43.0691 -70.3057 -22.0618 5.11753   0.00244346  0.043  
 19 -49.1038 -7.51886 -85.0652 -1.23422 -91.0711 -36.5545 -55.4378 -42.992 -70.3253 -21.9652 5.11753   -0.000174533  0.019  
 19 -49.2649 -7.58234 -85.2596 -1.3783 -91.1688 -36.4974 -55.5171 -43.0887 -70.4768 -22.0401 5.11753   -0.000174533  0.015  
 19 -49.3305 -7.82639 -85.2341 -1.32052 -91.27 -36.5856 -55.5909 -43.2455 -70.5395 -22.147 5.11753   0.00226893  0.043  
 19 -49.5541 -7.47216 -85.6399 -1.1928 -91.3163 -36.5267 -55.7912 -42.8491 -70.7076 -21.9938 4.47783   0.00122173  0.02  
 19 -49.7705 -7.55102 -85.7748 -1.11825 -91.4393 -36.4775 -55.9549 -42.9429 -70.8644 -21.9406 5.11753   0.00139626  0.038  
 19 -49.794 -7.68533 -85.9163 -1.2311 -91.6075 -36.5617 -55.9704 -43.0314 -71.0223 -21.9996 5.11753   0.00139626  0.022  
 19 -49.7732 -7.58022 -85.9231 -1.2735 -91.6075 -36.5617 -56.0372 -43.0193 -71.049 -21.9494 4.9043   0.00122173  0.018  
 19 -50.2587 -7.60355 -86.103 -1.1952 -91.8257 -36.5221 -56.1894 -42.9917 -71.289 -21.9566 5.11753   -0.000872665  0.04  
 19 -50.2455 -7.73286 -86.124 -1.33242 -92.136 -36.6888 -56.3057 -43.0908 -71.4059 -22.1066 5.11753   -0.000872665  0.041  
 19 -50.3596 -7.45508 -86.3792 -1.14584 -92.2247 -36.4497 -56.6578 -42.9066 -71.5673 -21.8901 5.11753   0.00575959  0.021  
 19 -50.4282 -7.43386 -86.4239 -0.940979 -92.1835 -36.2727 -56.631 -42.7506 -71.5301 -21.8192 4.47783   -0.00261799  0.041  
 19 -50.541 -7.55309 -86.5748 -1.11086 -92.3706 -36.4497 -56.7677 -42.8717 -71.7217 -21.9632 4.69106   -0.000174533  0.017  
 19 -50.6173 -7.592 -86.694 -1.27413 -92.5081 -36.5794 -56.8542 -42.9681 -71.8104 -22.0936 4.69106   -0.000174533  0.023  
 19 -50.6089 -7.6041 -86.658 -1.05962 -92.548 -36.3962 -56.9163 -42.8884 -71.8531 -21.924 5.11753   -0.00174533  0.039  
 19 -50.8446 -7.74577 -86.9592 -1.23659 -92.6628 -36.6435 -57.0883 -43.0704 -72.1244 -22.004 5.11753   -0.000872665  0.018  
 19 -51.0753 -7.62713 -87.0449 -1.29743 -92.915 -36.5138 -57.1897 -43.0709 -72.2653 -21.9781 4.9043   -0.00174533  0.04  
 19 -51.1023 -7.34549 -87.1459 -0.865976 -93.038 -36.2146 -57.491 -42.668 -72.3402 -21.6213 4.69106   0.00279253  0.024  
 19 -51.3526 -7.44618 -87.3211 -1.04485 -93.061 -36.3795 -57.4559 -42.7802 -72.4638 -21.8208 5.33076   0  0.019  
 19 -51.4894 -7.54341 -87.4147 -1.10612 -93.2668 -36.4497 -57.7004 -42.9065 -72.5934 -21.9752 5.33076   0  0.037  
 19 -51.4532 -7.44606 -87.4799 -1.1356 -93.4591 -36.2993 -57.7657 -42.8028 -72.6298 -21.9048 5.11753   0.00296706  0.022  
 19 -51.6721 -7.72211 -87.7364 -1.27828 -93.6251 -36.6064 -57.9748 -42.9801 -72.9023 -22.1009 4.69106   0.00261799  0.04  
 19 -51.8781 -7.68531 -87.8804 -1.25255 -93.5413 -36.589 -58.0545 -43.0314 -73.0515 -22.0075 4.69106   0.00261799  0.019  
 19 -51.9929 -7.53358 -87.9999 -1.22793 -93.6737 -36.4501 -58.1071 -42.9305 -73.1523 -21.872 4.9043   -0.000174533  0.019  
 19 -52.0661 -7.50463 -88.0541 -1.09985 -93.926 -36.3277 -58.3616 -42.8944 -73.2768 -21.8129 5.11753   0.00506145  0.04  
 19 -52.1931 -7.63033 -88.1871 -1.1952 -93.9098 -36.5221 -58.3467 -42.9784 -73.3628 -21.942 5.11753   0.00506145  0.024  
 19 -52.3976 -7.46317 -88.3819 -1.16013 -94.0946 -36.3273 -58.5312 -42.9726 -73.5023 -21.8753 4.9043   0.00139626  0.038  
 19 -52.3887 -7.569 -88.3275 -1.12925 -94.3709 -36.4384 -58.6152 -42.9297 -73.6077 -21.9327 5.11753   0.00349066  0.018  
 19 -52.5895 -7.80232 -88.5476 -1.28656 -94.5568 -36.6262 -58.8822 -43.0042 -73.8042 -22.142 5.11753   0.00279253  0.04  
 19 -52.7003 -7.58613 -88.7581 -1.1438 -94.4424 -36.5267 -58.9173 -42.8491 -73.8495 -21.9859 5.11753   0.00279253  0.024  
 19 -52.8715 -7.41045 -88.9223 -0.841808 -94.588 -36.2572 -59.0354 -42.6802 -73.9639 -21.6949 5.11753   0.00296706  0.019  
 19 -52.9399 -7.54331 -89.0208 -1.09689 -94.7049 -36.3829 -59.1586 -42.8596 -74.1762 -21.8003 5.33076   -0.00191986  0.038  
 19 -53.1562 -7.64312 -89.132 -1.2151 -94.8468 -36.5412 -59.2023 -43.0122 -74.2963 -21.9574 5.33076   -0.00191986  0.041  
 19 -53.3288 -7.48259 -89.2267 -1.19468 -95.2063 -36.3607 -59.3967 -42.8854 -74.4775 -21.8867 5.33076   -0.00174533  0.02  
 19 -53.3518 -7.60945 -89.2268 -1.19563 -95.2253 -36.4725 -59.6047 -42.9392 -74.5303 -21.9274 4.9043   -0.0010472  0.018  
 19 -53.6194 -7.80453 -89.5305 -1.29729 -95.3867 -36.6665 -59.8051 -43.0241 -74.7295 -22.1588 4.9043   -0.0010472  0.023  
 19 -53.5418 -7.47171 -89.5707 -1.17526 -95.5623 -36.4113 -59.8656 -42.8918 -74.7424 -21.9813 4.9043   0.00383972  0.04  
 19 -53.6451 -7.52853 -89.6478 -0.968676 -95.4948 -36.2817 -59.9631 -42.7009 -74.8222 -21.785 4.9043   0.000174533  0.017  
 19 -53.7401 -7.70229 -89.9572 -1.20698 -95.6254 -36.589 -60.2112 -43.0182 -75.0839 -21.9713 5.11753   -0.000872665  0.082  
 19 -53.9375 -7.55802 -90.0768 -1.22922 -95.715 -36.5727 -60.2054 -43.0193 -75.1771 -21.9599 5.11753   -0.0010472  0.138  
 19 -54.1765 -7.51615 -90.1903 -1.20932 -95.7183 -36.4573 -60.2292 -42.9236 -75.2842 -21.8801 4.9043   0.000523599  0.14  
 19 -54.1758 -7.64845 -90.1574 -1.21554 -96.0411 -36.5135 -60.4597 -42.9731 -75.4002 -21.9444 5.11753   0.00174533  0.124  
 19 -54.455 -7.46784 -90.4183 -1.16847 -96.4486 -36.401 -60.6941 -42.9001 -75.6798 -21.9035 4.69106   -0.00471239  0.098  
 19 -55.0477 -7.67756 -91.1265 -1.23112 -96.8178 -36.5617 -61.2701 -43.0152 -76.2908 -21.9439 4.9043   -0.00139626  0.14  
 19 -55.5179 -7.83813 -91.4863 -1.32054 -97.521 -36.5786 -61.959 -43.1615 -76.8124 -22.1043 5.11753   0.0020944  0.118  
 19 -56.1214 -7.85722 -92.2774 -1.22844 -97.8199 -36.569 -62.3121 -43.0152 -77.3645 -21.9911 4.9043   0.0020944  0.139  
 19 -56.5575 -7.9494 -92.566 -1.54015 -98.6067 -36.8335 -62.9707 -43.2485 -77.8649 -22.281 4.9043   -0.0015708  0.122  
 19 -57.1658 -7.87099 -93.2556 -1.51024 -98.9365 -36.777 -63.3746 -43.131 -78.405 -22.1552 5.33076   0  0.139  
 19 -57.5815 -7.72545 -93.5679 -1.30575 -99.5952 -36.5206 -64.0046 -42.9504 -78.8865 -22.0181 5.11753   -0.000174533  0.125  
 19 -58.1834 -7.99789 -94.3219 -1.66089 -100.004 -36.9332 -64.4136 -43.2454 -79.451 -22.29 4.9043   0.000872665  0.137  
 19 -58.5772 -8.05101 -94.5182 -1.53836 -100.401 -36.8316 -64.8656 -43.2682 -79.7735 -22.2835 4.47783   0.00471239  0.121  
 19 -59.239 -8.06626 -95.2098 -1.47143 -100.873 -36.8202 -65.3906 -43.2705 -80.4141 -22.2348 5.33076   0.000523599  0.118  
 19 -59.6408 -8.32666 -95.5898 -1.85656 -101.453 -37.1683 -65.95 -43.6845 -80.8148 -22.612 5.11753   0.00139626  0.139  
 19 -60.3082 -8.22192 -96.2918 -1.72102 -101.971 -37.169 -66.4641 -43.4505 -81.4956 -22.4672 4.69106   -0.00174533  0.141  
 19 -60.8302 -8.02041 -96.5801 -1.54238 -102.578 -36.8149 -66.9195 -43.2736 -81.9382 -22.2862 5.11753   -0.0020944  0.139  
 19 -61.4133 -8.41026 -97.3563 -1.86126 -103.03 -37.2754 -67.4944 -43.6953 -82.5279 -22.6592 5.33076   0.000174533  0.121  
 19 -61.8824 -8.53249 -97.8249 -2.06359 -103.655 -37.3002 -68.1877 -43.849 -83.0956 -22.8708 5.11753   -0.00331613  0.139  
 19 -62.4719 -8.41532 -98.4426 -1.70173 -104.189 -37.1246 -68.679 -43.6662 -83.6589 -22.5385 4.9043   0.00191986  0.121  
 19 -63.0823 -8.28549 -98.8361 -1.82617 -104.871 -37.131 -69.2779 -43.5614 -84.1673 -22.6009 4.69106   -0.000174533  0.16  
 19 -63.673 -8.44742 -99.6022 -1.90094 -105.381 -37.2811 -69.9694 -43.7099 -84.8515 -22.6845 5.11753   -0.000523599  0.12  
 19 -64.334 -8.44769 -100.119 -1.92748 -106.113 -37.1775 -70.5055 -43.7606 -85.3992 -22.7217 4.47783   0.000523599  0.122  
 19 -64.9106 -8.17898 -100.578 -1.63006 -106.675 -36.9276 -70.9603 -43.4755 -85.9794 -22.4078 4.47783   0.00541052  0.142  
 19 -65.5184 -8.2219 -101.502 -1.72102 -107.181 -37.169 -71.6743 -43.4504 -86.6254 -22.523 5.33076   0.00174533  0.136  
 19 -66.2077 -8.44425 -102.02 -1.98438 -108.046 -37.1891 -72.4482 -43.725 -87.3931 -22.6959 4.9043   0.00401426  0.119  
 19 -66.7639 -8.00087 -102.606 -1.33426 -108.303 -36.7045 -72.7943 -43.2776 -87.8587 -22.1567 4.47783   0.00331613  0.12  
 19 -67.1711 -7.93492 -102.937 -1.25281 -108.997 -36.6552 -73.4332 -43.0095 -88.3755 -22.1085 5.33076   0.00401426  0.141  
 19 -67.5791 -8.08764 -103.434 -1.68117 -109.312 -36.9456 -73.7246 -43.2573 -88.6771 -22.4009 5.33076   0.000698132  0.12  
 19 -68.0964 -8.30522 -103.87 -1.8667 -110.06 -37.1119 -74.3801 -43.5345 -89.3228 -22.5523 4.9043   -0.0010472  0.139  
 19 -68.4753 -7.41535 -104.508 -0.849991 -110.186 -36.1927 -74.7514 -42.524 -89.6435 -21.5746 4.69106   0.0015708  0.143  
 19 -69.1314 -7.22887 -104.965 -0.7936 -110.961 -36.0542 -75.406 -42.4071 -90.3513 -21.4814 4.69106   0.0010472  0.117  
 19 -69.7204 -7.37835 -105.693 -0.824035 -111.372 -36.2729 -75.8523 -42.4696 -90.8259 -21.5894 5.11753   0.00296706  0.12  
 19 -70.3363 -7.11632 -106.149 -0.71741 -112.161 -35.8399 -76.6276 -42.3544 -91.5428 -21.3803 5.11753   0.000872665  0.14  
 19 -71.0092 -6.9726 -106.717 -0.426023 -112.618 -35.6401 -77.09 -42.2168 -92.0906 -21.1529 5.11753   0.00453786  0.121  
 19 -71.5657 -7.21551 -107.181 -0.654578 -113.175 -35.6767 -77.793 -42.0511 -92.6789 -21.272 5.11753   -0.000523599  0.121  
 19 -72.1353 -7.47964 -107.735 -1.01674 -113.472 -36.105 -78.2558 -42.5924 -93.1137 -21.6714 5.11753   0.000698132  0.158  
 19 -72.849 -7.60874 -108.304 -1.10124 -114.316 -36.2701 -78.8365 -42.6798 -93.7523 -21.8653 4.2646   -0.00383972  0.121  
 19 -73.3552 -7.11564 -108.982 -0.583911 -114.805 -35.5213 -79.5288 -42.0432 -94.4361 -21.2172 5.33076   0.00226893  0.12  
 19 -73.8691 -7.26665 -109.482 -0.801276 -115.417 -35.7008 -79.9838 -42.2598 -94.9201 -21.3683 5.11753   0.00471239  0.12  
 19 -74.563 -7.51449 -110.212 -1.01916 -116.023 -36.019 -80.7542 -42.5161 -95.6035 -21.6509 4.9043   0.00349066  0.159  
 19 -75.3375 -7.3734 -111.062 -0.864235 -116.538 -36.1354 -81.3022 -42.3691 -96.3043 -21.541 4.69106   0.00122173  0.121  
 19 -76.0002 -7.2581 -111.535 -0.806895 -117.395 -35.7204 -81.9555 -42.2806 -96.9278 -21.4078 5.33076   -0.000174533  0.139  
 19 -76.4895 -7.49196 -112.095 -1.08364 -117.905 -36.1865 -82.6479 -42.5561 -97.4907 -21.7079 4.47783   0.00453786  0.121  
 19 -77.0665 -7.49966 -112.779 -1.0082 -118.549 -36.188 -83.2059 -42.5029 -98.1609 -21.6442 5.11753   0.000698132  0.12  
 19 -77.683 -7.57702 -113.353 -1.09333 -119.318 -36.1731 -83.9798 -42.5885 -98.8206 -21.7488 5.54399   0.000698132  0.119  
 19 -78.5751 -7.44558 -114.24 -0.970813 -120.048 -36.0453 -84.7156 -42.5542 -99.6184 -21.6309 4.2646   -0.000174533  0.12  
 19 -79.2626 -7.56386 -114.936 -1.11905 -120.612 -36.2621 -85.2612 -42.6487 -100.209 -21.7429 4.2646   0.00261799  0.141  
 19 -79.7733 -7.51451 -115.424 -1.01874 -121.39 -36.1056 -85.9801 -42.6049 -100.876 -21.7078 5.54399   -0.000698132  0.139  
 19 -80.4483 -7.36942 -116.328 -0.897392 -122.165 -35.9161 -86.8175 -42.3967 -101.666 -21.4971 5.54399   -0.00593412  0.141  
 19 -80.4483 -7.36942 -116.328 -0.897392 -122.165 -35.9161 -86.8175 -42.3967 -101.666 -21.4971 4.47783   0.010821  0.121  
 19 -80.4483 -7.36942 -116.328 -0.897392 -122.165 -35.9161 -86.8175 -42.3967 -101.666 -21.4971 4.9043   0.013439  0.118  
