 0   0.000174533   
 0   0.0010472   
 0   -0.0010472   
 0   -0.000872665   
 0   -0.00279253   
 0   -0.000349066   
 0   -0.0015708   
 0   -0.000523599   
 0   0.000698132   
 0   0.000523599   
 0   -0.00261799   
 0   0.00139626   
 0   -0.000349066   
 0   0.000349066   
 0   0   
 0   0   
 0   -0.0020944   
 0   0.00261799   
 0   0.00349066   
 0   0.00244346   
 0   0.00366519   
 0   0.00139626   
 0   -0.0010472   
 0   -0.000174533   
 0   -0.00296706   
 0   -0.000872665   
 0   0   
 0   0.00174533   
 0   0   
 0   0   
 0   -0.000174533   
 0   -0.0020944   
 0   0.00331613   
 0   0.00226893   
 0   0.000349066   
 0   -0.000698132   
 0   -0.000349066   
 0   0.000174533   
 0   0.00261799   
 0   -0.00139626   
 0   -0.00191986   
 0   -0.000174533   
 0   0.0020944   
 0   0.00174533   
 0   0.00244346   
 0   0.00139626   
 0   -0.000523599   
 0   -0.00174533   
 0   -0.000523599   
 0   -0.000349066   
 0   -0.000523599   
 0   0.00139626   
 0   -0.000872665   
 0   -0.00279253   
 0   -0.000698132   
 0   -0.00226893   
 0   0.000872665   
 0   0.00418879   
 0   -0.00279253   
 0   0.000174533   
 0   0.000872665   
 0   0.00226893   
 0   0.000523599   
 0   0.000523599   
 0   0.000872665   
 0   0.00191986   
 0   0.00331613   
 0   0.00349066   
 0   -0.000872665   
 0   0   
 0   0   
 0   -0.00314159   
 0   -0.00383972   
 0   -0.00575959   
 0   0.00174533   
 0   -0.000349066   
 0   0.000523599   
 0   -0.00331613   
 0   0.00541052   
 0   0.00314159   
 0   0.00139626   
 0   -0.000523599   
 0   0.000174533   
 0   0.00506145   
 0   0.000523599   
 0   -0.00191986   
 0   0.00226893   
 0   -0.00244346   
 0   0   
 0   0.00122173   
 0   -0.0015708   
 0   0.00314159   
 0   0.000698132   
 0   -0.00174533   
 0   0.0010472   
 0   0.00122173   
 0   0.00226893   
 0   -0.000174533   
 0   -0.000698132   
 0   -0.0015708   
 0   0.00174533   
 0   0.00244346   
 0   0.000174533   
 0   0.000174533   
 0   -0.000174533   
 0   0.00261799   
 0   -0.00174533   
 0   0.000872665   
 0   -0.000349066   
 0   0.00174533   
 0   -0.00122173   
 0   0   
 0   0.0020944   
 0   -0.00191986   
 0   0.00244346   
 0   -0.00122173   
 0   -0.00122173   
 0   0.00279253   
 0   -0.00244346   
 0   -0.00122173   
 0   0.0010472   
 0   0.000349066   
 0   0.0010472   
 0   0.00244346   
 0   -0.000698132   
 0   0   
 0   -0.00139626   
 0   -0.00383972   
 0   -0.00314159   
 0   0.000174533   
 0   -0.0015708   
 0   0   
 0   0.00122173   
 0   0   
 0   -0.000349066   
 0   0.00296706   
 0   -0.000174533   
 0   -0.000349066   
 0   -0.000174533   
 0   0.0015708   
 0   -0.0020944   
 0   -0.0010472   
 0   0.0015708   
 0   0.000174533   
 0   0.000174533   
 0   -0.000698132   
 0   -0.00191986   
 0   -0.00296706   
 0   -0.00261799   
 0   -0.000872665   
 0   -0.00139626   
 0   -0.000872665   
 0   0.000523599   
 0   0.000698132   
 0   0   
 0   -0.000174533   
 0   0.000523599   
 0   -0.00314159   
 0   0.000174533   
 0   -0.0015708   
 0   0   
 0   -0.000698132   
 0   -0.0020944   
 0   -0.000349066   
 0   -0.00279253   
 0   0   
 0   0   
 0   0.000698132   
 0   -0.000523599   
 0   -0.0010472   
 0   0.000349066   
 0   0.000872665   
 0   -0.00122173   
 0   0.000174533   
 0   0.00139626   
 0   0.00331613   
 0   0.000349066   
 0   -0.000523599   
 0   0.000349066   
 0   0   
 0   0.00279253   
 0   0   
 0   -0.000698132   
 0   0.000349066   
 0   0.00174533   
 0   0.0020944   
 0   -0.00488692   
 0   -0.000698132   
 0   -0.00244346   
 0   -0.000872665   
 0   0.00122173   
 0   -0.00174533   
 0   -0.000523599   
 0   -0.000698132   
 0   -0.00174533   
 0   0.00191986   
 0   0   
 0   0.000698132   
 0   0   
 0   0.00226893   
 0   -0.00261799   
 0   -0.00261799   
 0   0.000174533   
 0   0.00314159   
 0   -0.000872665   
 0   0.00191986   
 0   0.0020944   
 0   -0.000349066   
 0   0.0020944   
 0   0.000174533   
 0   0.00191986   
 0   0.00226893   
 0   0.000698132   
 0   -0.000349066   
 0   -0.000349066   
 0   -0.00122173   
 0   -0.00541052   
 0   -0.000698132   
 0   0.00174533   
 0   0.000698132   
 0   -0.000698132   
 0   -0.00174533   
 0   0.00296706   
 0   0.00418879   
 0   0.000174533   
 0   0.000872665   
 0   0.000349066   
 0   -0.00244346   
 0   -0.000174533   
 0   0.00261799   
 0   -0.0010472   
 0   0.000872665   
 0   0.00244346   
 0   -0.00139626   
 0   0.00366519   
 0   0.0010472   
 0   0.00383972   
 0   -0.00244346   
 0   -0.0010472   
 0   0.00226893   
 0   0   
 0   0.000872665   
 0   0.00349066   
 0   -0.000523599   
 0   0.00401426   
 0   0   
 0   -0.000523599   
 0   -0.000349066   
 0   -0.00261799   
 0   -0.00366519   
 0   -0.000349066   
 0   -0.000698132   
 0   -0.000698132   
 0   -0.00279253   
 0   0.000523599   
 0   -0.000523599   
 0   0.00139626   
 0   0.000698132   
 0   -0.000698132   
 0   -0.0010472   
 0   0.00244346   
 0   0.00296706   
 0   0.000698132   
 0   -0.0010472   
 0   -0.00122173   
 0   -0.00122173   
 0   0   
 0   0.00436332   
 0   -0.0010472   
 0   0.00122173   
 0   -0.00139626   
 0   -0.00139626   
 0   -0.00174533   
 0   -0.00122173   
 0   -0.00191986   
 0   0   
 0   -0.000349066   
 0   -0.0020944   
 0   0.0020944   
 0   0.000349066   
 0   0.00174533   
 0   -0.000872665   
 0   0.00122173   
 0   -0.000174533   
 0   0.00139626   
 0   0.000349066   
 0   0.000349066   
 0   0.000349066   
 0   0   
 0   0.000174533   
 0   -0.00139626   
 0   0.000523599   
 0   -0.000174533   
 0   0.0015708   
 0   0   
 0   -0.00174533   
 0   -0.00122173   
 0   0.000872665   
 10.4483   -0.000698132   
 4.9043   0.00680678   
 5.11753   0.00261799   
 5.11753   0.00767945   
 5.11753   0.00767945   
 5.33076   0.00610865   
 5.54399   0.0129154   
 4.69106   -0.0118682   
 4.69106   -0.0167552   
 4.47783   -0.0200713   
 4.9043   0.0102974   
 5.11753   -0.0015708   
 4.9043   -0.0125664   
 4.69106   0.000698132   
 4.9043   0.0122173   
 5.33076   0.0274017   
 4.47783   0.0010472   
 5.33076   0.0010472   
 4.69106   0.000523599   
 5.11753   0.00349066   
 5.11753   -0.000349066   
 4.69106   0.00349066   
 4.47783   0.000349066   
 5.11753   -0.000872665   
 4.9043   -0.00383972   
 4.9043   -0.00191986   
 4.9043   0.000349066   
 5.33076   -0.00226893   
 4.9043   0.00174533   
 4.9043   -0.00453786   
 5.11753   0.00191986   
 4.69106   0.00174533   
 4.9043   0.000698132   
 4.9043   0.0010472   
 5.33076   0.00122173   
 4.69106   -0.0015708   
 4.9043   0.0010472   
 5.33076   0.00331613   
 4.9043   -0.00191986   
 4.2646   0.00261799   
 5.33076   0.00261799   
 4.69106   -0.0507891   
 4.69106   -0.0499164   
 5.11753   -0.0647517   
 4.9043   0.0490438   
 4.69106   -0.0911062   
 5.54399   0.0637045   
 5.11753   0.00523599   
 4.9043   -0.0450295   
 5.54399   0.00837758   
 5.54399   0.0394444   
 5.11753   0.060912   
 5.11753   0.0488692   
 4.9043   -0.0389208   
 5.33076   0.0389208   
 4.47783   -0.071384   
 5.11753   0.0390954   
 5.33076   0.0551524   
 4.69106   0.0148353   
 5.11753   0.0151844   
 5.11753   -0.0434587   
 4.9043   -0.0277507   
 5.11753   -0.045204   
 4.9043   0.0460767   
 4.9043   -0.00890118   
 4.47783   0.0151844   
 5.33076   0.0287979   
 4.69106   -0.0261799   
 5.33076   0.0354302   
 5.11753   -0.0321141   
 5.11753   0.00715585   
 5.11753   0.000698132   
 4.69106   0.000174533   
 5.11753   -0.00418879   
 4.69106   0.00767945   
 5.33076   0.00261799   
 5.11753   -0.000523599   
 4.69106   -0.000872665   
 5.33076   0.000174533   
 5.11753   -0.00436332   
 4.69106   0   
 4.47783   -0.00698132   
 5.33076   0.00628319   
 5.11753   -0.0197222   
 5.33076   0.039619   
 4.9043   -0.00977384   
 4.2646   0.00750492   
 5.33076   -0.00139626   
 4.69106   -0.00698132   
 5.33076   -0.010472   
 4.9043   -0.00314159   
 5.11753   0.00471239   
 4.47783   -0.00698132   
 4.47783   0.00191986   
 5.11753   -0.00837758   
 4.47783   0.00523599   
 5.75722   0.000174533   
 4.47783   0.0010472   
 5.11753   0.00261799   
 5.33076   0   
 4.69106   0.00575959   
 4.9043   -0.000523599   
 5.11753   0.000349066   
 5.11753   -0.000698132   
 5.11753   -0.00226893   
 4.69106   -0.0015708   
 4.47783   0.00122173   
 5.11753   0.0010472   
 5.33076   -0.00296706   
 4.9043   -0.00453786   
 4.69106   -0.00261799   
 5.54399   -0.00436332   
 4.69106   -0.00680678   
 5.33076   0.00628319   
 4.47783   0.00191986   
 5.11753   0.00191986   
 5.33076   0.000174533   
 4.47783   0.00261799   
 5.11753   0.00331613   
 4.69106   0   
 5.11753   -0.000174533   
 5.33076   -0.00680678   
 5.11753   0.0181514   
 5.54399   0.00244346   
 4.9043   -0.00191986   
 4.9043   -0.0010472   
 4.47783   0.000174533   
 4.9043   0.000872665   
 4.9043   0.000349066   
 5.33076   -0.00226893   
 5.11753   -0.00296706   
 4.69106   0.00349066   
 5.11753   0.0010472   
 4.9043   0.000174533   
 4.9043   0.000872665   
 5.33076   -0.000523599   
 4.9043   0.00122173   
 5.33076   0.00349066   
 5.33076   0.00680678   
 5.11753   0.00191986   
 4.69106   0.00453786   
 4.9043   0.00279253   
 4.69106   -0.000523599   
 5.33076   0.000174533   
 4.69106   -0.00331613   
 4.69106   0.00366519   
 5.33076   -0.000349066   
 4.69106   -0.00122173   
 5.11753   -0.00191986   
 5.33076   0.000523599   
 4.9043   -0.000698132   
 4.47783   0   
 5.11753   0.000698132   
 4.69106   0.000349066   
 4.69106   -0.0020944   
 5.33076   -0.00139626   
 5.11753   0.00383972   
 5.33076   -0.00296706   
 4.69106   -0.0020944   
 4.69106   0.00453786   
 5.33076   -0.0020944   
 4.9043   -0.00383972   
 5.33076   0.00244346   
 5.11753   -0.000523599   
 4.47783   -0.00296706   
 4.9043   0.00174533   
 5.33076   0.00244346   
 4.69106   0.00383972   
 5.11753   -0.00122173   
 5.11753   0.000872665   
 4.9043   -0.00453786   
 5.11753   -0.00558505   
 5.11753   -0.00122173   
 4.47783   -0.00191986   
 4.69106   -0.00122173   
 4.9043   0.00191986   
 5.54399   -0.000523599   
 5.33076   -0.00296706   
 4.9043   0.00174533   
 4.69106   -0.00261799   
 4.9043   0.000174533   
 4.69106   0.00401426   
 4.9043   -0.00226893   
 4.9043   -0.00296706   
 4.9043   0.000174533   
 4.9043   0.00418879   
 4.69106   0.00226893   
 5.11753   0.0010472   
 5.33076   -0.000698132   
 5.11753   -0.0015708   
 4.69106   -0.00261799   
 4.9043   0.00366519   
 5.11753   0   
 4.9043   0.000349066   
 5.11753   -0.000698132   
 4.9043   0.00383972   
 4.9043   0.000349066   
 5.11753   0.000698132   
 4.9043   0.000698132   
 4.69106   0.00244346   
 5.11753   -0.00122173   
 5.33076   0.00244346   
 5.11753   -0.0010472   
 5.11753   -0.00453786   
 4.69106   0.00680678   
 5.54399   -0.00401426   
 4.69106   0.00541052   
 4.69106   0.00191986   
 4.69106   0.000872665   
 4.9043   0.00331613   
 4.9043   0.000698132   
 5.11753   0.00191986   
 5.11753   -0.000698132   
 4.47783   0.00191986   
 5.11753   -0.00244346   
 5.11753   0.00506145   
 5.11753   0.00261799   
 4.69106   0.000349066   
 5.11753   0.00191986   
 5.11753   -0.00296706   
 5.11753   -0.00296706   
 4.9043   0.00453786   
 5.11753   0.00191986   
 4.69106   0.000698132   
 5.33076   0.00366519   
 4.9043   0.000523599   
 4.69106   0.00401426   
 4.9043   -0.0020944   
 5.33076   -0.000523599   
 5.11753   -0.00122173   
 5.11753   0.00122173   
 4.9043   -0.00244346   
 5.33076   -0.00314159   
 5.11753   -0.000523599   
 5.11753   -0.0015708   
 5.11753   0.00226893   
 5.33076   0.00122173   
 5.11753   0.00785398   
 4.9043   -0.00366519   
 4.9043   0   
 4.9043   0.00453786   
 4.9043   0.00261799   
 4.69106   0.00261799   
 4.9043   -0.000349066   
 4.69106   0.000872665   
 4.9043   -0.0010472   
 5.11753   -0.000698132   
 4.9043   -0.0010472   
 5.11753   0.00401426   
 5.33076   0.0020944   
 5.33076   0.000698132   
 5.11753   -0.00139626   
 4.9043   -0.00296706   
 4.69106   0.00191986   
 5.11753   0.000349066   
 5.11753   0.00244346   
 5.11753   0.00558505   
 4.69106   0.00593412   
 4.69106   0.00593412   
 5.54399   -0.000523599   
 5.54399   -0.000523599   
 4.69106   0.000349066   
 5.11753   0.0010472   
 4.47783   0.00261799   
 4.9043   0.000523599   
 5.11753   -0.000174533   
 5.11753   -0.00191986   
 5.11753   -0.00191986   
 5.11753   0.00610865   
 4.9043   -0.00279253   
 5.11753   0.000698132   
 5.11753   -0.00122173   
 5.33076   -0.00191986   
 4.9043   0.000349066   
 4.9043   0.00366519   
 4.9043   0.00523599   
 5.33076   0.00366519   
 4.9043   0.0010472   
 4.69106   0.00349066   
 5.11753   0.00331613   
 5.11753   0.00279253   
 4.9043   -0.000174533   
 5.11753   0.00523599   
 4.9043   -0.000698132   
 4.47783   0.00453786   
 4.69106   -0.000523599   
 5.11753   0.00366519   
 5.11753   -0.00366519   
 4.47783   -0.00244346   
 4.9043   0.00244346   
 5.11753   0.00383972   
 4.69106   -0.00122173   
 5.11753   0.00453786   
 5.11753   0.000174533   
 5.54399   0   
 4.69106   -0.00331613   
 4.69106   0   
 5.11753   0.00174533   
 5.11753   -0.00279253   
 4.9043   -0.00226893   
 4.9043   -0.000174533   
 4.47783   0.0010472   
 5.54399   0   
 5.11753   0.0010472   
 4.47783   -0.0102974   
 4.9043   0.0190241   
 5.54399   0.0228638   
 4.47783   -0.0280998   
 4.9043   -0.00174533   
 5.33076   0.000872665   
 4.9043   -0.000872665   
 4.9043   0.00593412   
 5.11753   -0.00122173   
 5.33076   0.00314159   
 4.9043   -0.0190241   
 5.54399   0.031765   
 4.69106   0.00314159   
 5.33076   0.000174533   
 4.9043   -0.00279253   
 5.33076   0.00244346   
 4.9043   0.00855211   
 5.54399   0.0015708   
 5.33076   0.0118682   
 5.33076   0.00279253   
 4.47783   -0.0228638   
 4.2646   -0.00593412   
 5.11753   0.0010472   
 5.33076   0.00314159   
 5.11753   -0.00139626   
 4.9043   0.0010472   
 4.9043   0.000523599   
 4.9043   0   
 4.69106   -0.000872665   
 5.33076   0.00191986   
 4.69106   -0.000349066   
 4.69106   0.00191986   
 5.11753   0.00366519   
 5.11753   0.00366519   
 5.11753   0.00191986   
 5.11753   -0.00191986   
 4.69106   0   
 4.9043   0.0010472   
 5.11753   0.0010472   
 4.47783   0.000698132   
 4.9043   -0.00122173   
 4.9043   0.00226893   
 4.9043   -0.000349066   
 4.9043   0.000174533   
 5.75722   0.000174533   
 4.69106   0.00191986   
 5.11753   0.00279253   
 5.11753   0.0015708   
 5.54399   0.00279253   
 4.69106   0.00733038   
 4.9043   0.000872665   
 4.9043   -0.000523599   
 4.69106   0.00191986   
 5.11753   -0.0010472   
 4.47783   0.00122173   
 5.11753   0.00296706   
 5.33076   0.00279253   
 4.9043   0.000698132   
 4.9043   -0.00122173   
 5.54399   0.00383972   
 4.9043   0.00366519   
 4.9043   0.0015708   
 5.33076   0.00174533   
 5.33076   0.00174533   
 4.69106   0.000698132   
 5.11753   -0.00122173   
 4.69106   -0.0020944   
 4.47783   0.000174533   
 5.11753   0.00226893   
 5.11753   -0.000523599   
 4.69106   0   
 4.9043   0.000349066   
 4.9043   0.00296706   
 5.11753   0.0010472   
 4.69106   0.0010472   
 4.69106   0.00401426   
 4.69106   0.000174533   
 5.33076   0.00488692   
 4.9043   0.00471239   
 4.9043   0.00488692   
 5.11753   0.000698132   
 5.11753   0.00279253   
 5.11753   -0.000698132   
 4.9043   0.00226893   
 4.9043   0.000174533   
 4.9043   -0.00139626   
 4.69106   0.000698132   
 5.33076   0.00279253   
 4.69106   0.0010472   
 4.69106   0.00401426   
 5.54399   0.0010472   
 4.9043   0.00139626   
 4.69106   0.00174533   
 4.69106   0.00279253   
 4.47783   0.00366519   
 5.11753   -0.000698132   
 5.11753   -0.000698132   
 4.9043   -0.00226893   
 5.11753   0.00541052   
 5.11753   0   
 5.11753   0.00191986   
 4.69106   0.00523599   
 4.9043   0.00383972   
 5.11753   0.00383972   
 4.9043   0.00279253   
 5.11753   0.0015708   
 5.54399   0.0010472   
 4.9043   0.000174533   
 5.33076   0.00296706   
 5.11753   0   
 4.69106   0.00279253   
 4.47783   -0.000349066   
 5.75722   0.00279253   
 5.11753   0.0010472   
 4.47783   0.00331613   
 5.11753   -0.000872665   
 5.11753   -0.000698132   
 5.11753   0.00453786   
 4.9043   -0.000349066   
 4.9043   0.0015708   
 4.69106   0.000174533   
 5.33076   0.00174533   
 4.9043   0.00418879   
 4.9043   -0.0015708   
 4.9043   -0.0020944   
 4.9043   0.00401426   
 4.9043   -0.000523599   
 5.11753   0.0010472   
 4.69106   -0.0010472   
 4.9043   0.00506145   
 4.69106   -0.0015708   
 5.33076   0.000872665   
 4.69106   -0.00191986   
 5.33076   0.00401426   
 4.9043   0.0015708   
 4.9043   0.000349066   
 5.11753   -0.000349066   
 4.9043   -0.000523599   
 5.33076   -0.00122173   
 4.69106   -0.000523599   
 5.54399   0.00593412   
 4.47783   -0.0020944   
 4.9043   0   
 5.33076   -0.000349066   
 5.11753   0.00191986   
 4.9043   -0.000349066   
 4.47783   0.00279253   
 5.33076   -0.0020944   
 4.9043   0.0015708   
 5.11753   0.00279253   
 5.33076   -0.00191986   
 4.9043   0.0015708   
 5.33076   -0.0010472   
 4.69106   -0.0010472   
 5.54399   0.00174533   
 5.11753   0.000174533   
 4.69106   0.00191986   
 5.33076   0   
 5.11753   0.00122173   
 5.33076   0   
 5.11753   0.00226893   
 4.9043   0.00122173   
 4.9043   -0.00191986   
 5.33076   0.00366519   
 4.9043   -0.000349066   
 4.9043   0.00471239   
 4.69106   -0.00174533   
 4.9043   0.0015708   
 4.9043   0.000174533   
 4.47783   0.00191986   
 5.11753   -0.00296706   
 4.9043   0.000523599   
 5.33076   0.000698132   
 4.47783   -0.00226893   
 5.11753   0.0010472   
 5.11753   0.0010472   
 4.69106   -0.0010472   
 4.9043   -0.0020944   
 5.33076   0.00174533   
 4.69106   0.00383972   
 5.33076   -0.0010472   
 5.33076   0.00261799   
 5.33076   0.00366519   
 4.9043   -0.000349066   
 5.11753   0.00226893   
 4.69106   -0.00122173   
 4.69106   0.00174533   
 4.9043   0.000698132   
 5.33076   0.00523599   
 5.11753   0.00418879   
 4.69106   -0.000174533   
 4.9043   0.00314159   
 4.9043   0   
 5.11753   0.0010472   
 5.11753   -0.00244346   
 4.9043   0.00279253   
 5.11753   0.0020944   
 0   0.00174533   
 -0.21323   -0.00244346   
 0   0.00383972   
 0   0.000349066   
 0   0.00174533   
 0   0.00174533   
 0   0.000523599   
 0   0.000523599   
 0   0   
 0   0.00191986   
 0   0.000872665   
 0   -0.00226893   
 0   0.000523599   
 0   0.000523599   
 0   0.0010472   
 0   -0.0020944   
 0   0.0010472   
 0   -0.000872665   
 0   -0.00122173   
 0   0.0015708   
 0   0.00279253   
 0   0.00174533   
 0   0.000174533   
 0   0.000174533   
 0   -0.000872665   
 0   -0.000698132   
 0   -0.0010472   
 0   -0.00244346   
 0   0.0015708   
 0   0.0015708   
 0   -0.000698132   
 0   0.00366519   
 0   -0.0020944   
 0   -0.000523599   
 0   0.0020944   
 0   -0.0010472   
 0   0.00174533   
 0   -0.00139626   
 0   0.00383972   
 0   -0.000349066   
 0   -0.00191986   
 0   -0.00191986   
 0   -0.00139626   
 0   0   
 0   0.00139626   
 0   -0.000872665   
 0   0.0010472   
 0   -0.000174533   
 0   0.000349066   
 0   0.000872665   
 0   0.000174533   
 0   0.00226893   
 0   -0.00122173   
 0   0.0010472   
 0   -0.00314159   
 0   0.0010472   
 0   0.000698132   
 0   0.00191986   
 0   0.0020944   
 0   0.00139626   
 0   0.000523599   
 0   -0.00261799   
 0   -0.000349066   
 0   0   
 0   0.00174533   
 0   -0.0020944   
 0   -0.00279253   
 0   -0.00296706   
 0   -0.00174533   
 0   0.000523599   
 0   0.0010472   
 0   0.0010472   
 0   0.00139626   
 0   0.00139626   
 0   -0.000523599   
 0   -0.000349066   
 0   -0.000698132   
 0   -0.0015708   
 0   -0.0010472   
 0   -0.000349066   
 0   -0.000872665   
 0   0.0020944   
 0   0.000349066   
 0   -0.0020944   
 0   0.000174533   
 0   0.000174533   
 0   0.000174533   
 0   -0.00314159   
 0   0.0015708   
 0   -0.0010472   
 0   -0.0010472   
 0   0   
 0   0   
 0   0   
 0   0.00139626   
 0   -0.00244346   
 0   -0.000698132   
 0   0.00139626   
 0   0.00331613   
 0   0.00191986   
 0   0   
 0   -0.000872665   
 0   0.000349066   
 0   0.000872665   
 0   0   
 0   0.00226893   
 0   -0.00139626   
 0   0   
 0   0   
 0   0.00191986   
 0   0.0010472   
 0   -0.000349066   
 0   -0.00139626   
 0   -0.00191986   
 0   0.00314159   
 0   0.00226893   
 0   -0.000523599   
 0   -0.000872665   
 0   0.000698132   
 0   0   
 0   -0.0010472   
 0   -0.000698132   
 0   -0.0020944   
 0   -0.00349066   
 0   -0.00174533   
 0   -0.00418879   
 0   -0.00122173   
 0   -0.00122173   
 0   0   
 0   -0.000174533   
 0   0.0020944   
 0   0   
 0   -0.000698132   
 0   -0.00314159   
 0   0.0010472   
 0   0.00122173   
 0   -0.0020944   
 0   0.000523599   
 0   0.000349066   
 0   0.0020944   
 0   0.000872665   
 0   -0.0010472   
 0   -0.000174533   
 0   0.00174533   
 0   0.00279253   
 0   0.00331613   
 0   0   
 0   0.000698132   
 0   0   
 0   0.0015708   
 0   0.000872665   
